-0.02100    0.06411
-0.03349    0.04040
-0.09126    0.07400
-0.08271    0.09177
-0.00722    0.05455
-0.05289    0.02285
-0.13896    -0.05127
-0.03109    -0.07053
0.05463    -0.01701
-0.02526    -0.03745
-0.05628    -0.10267
-0.05628    -0.18355
-0.04297    -0.21724
-0.00712    -0.18581
0.01869    -0.19680
0.10849    -0.14573
0.15141    -0.01913
0.16806    0.05337
0.19367    0.13627
0.06563    0.22068
-0.04619    0.20100
-0.03880    0.10968
-0.03717    0.08324
-0.10205    0.11662
-0.20511    0.07329
-0.14805    0.03120
-0.03560    0.03852
-0.02856    0.01671
-0.05248    0.03391
-0.13200    0.04746
-0.09656    0.02310
0.00111    0.03175
-0.05273    -0.01853
-0.03970    -0.09989
0.02130    -0.13329
0.05675    -0.16815
0.11419    -0.12897
0.02710    -0.01083
-0.06841    0.07628
-0.11469    0.13166
-0.26665    0.12431
-0.26698    0.02074
-0.02286    -0.01382
0.18205    0.09614
0.23821    0.07790
0.20321    -0.06442
0.17202    -0.01453
0.15392    0.08338
0.08246    0.06709
0.03681    0.07412
0.08933    0.07178
0.14157    0.07090
0.09156    0.07923
-0.00545    0.01595
0.00099    -0.02100
0.04304    -0.03349
-0.00020    -0.09126
-0.07263    -0.08271
-0.15994    -0.00722
-0.16024    -0.05289
-0.11460    -0.13896
-0.15109    -0.03109
-0.07157    0.05463
0.01463    -0.02526
-0.00214    -0.05628
0.04625    -0.05628
0.00546    -0.04297
-0.05271    -0.00712
-0.00742    0.01869
0.07376    0.10849
0.22813    0.15141
0.19914    0.16806
0.00018    0.19367
-0.07004    0.06563
-0.04340    -0.04619
-0.03415    -0.03880
-0.02479    -0.03717
0.11570    -0.10205
0.05184    -0.20511
-0.23771    -0.14805
-0.21201    -0.03560
-0.25613    -0.02856
-0.46690    -0.05248
-0.36489    -0.13200
-0.15161    -0.09656
0.01270    0.00111
0.08601    -0.05273
0.19646    -0.03970
0.30688    0.02130
0.10350    0.05675
-0.09051    0.11419
-0.18680    0.02710
-0.22724    -0.06841
-0.11610    -0.11469
-0.06720    -0.26665
0.11106    -0.26698
0.23139    -0.02286
0.02184    0.18205
-0.06734    0.23821
0.08475    0.20321
0.29772    0.17202
0.25546    0.15392
0.05979    0.08246
0.04745    0.03681
0.03139    0.08933
0.12018    0.14157
0.16287    0.09156
-0.04054    -0.00545
-0.18192    0.00099
-0.33937    0.04304
-0.36446    -0.00020
-0.20678    -0.07263
-0.05302    -0.15994
0.17170    -0.16024
0.22091    -0.11460
0.14167    -0.15109
0.03047    -0.07157
-0.17619    0.01463
-0.30213    -0.00214
-0.34915    0.04625
-0.24597    0.00546
-0.13658    -0.05271
0.02953    -0.00742
0.25893    0.07376
0.09202    0.22813
0.05723    0.19914
0.20862    0.00018
0.08449    -0.07004
0.06092    -0.04340
-0.04541    -0.03415
-0.12500    -0.02479
-0.05081    0.11570
-0.17736    0.05184
-0.17973    -0.23771
-0.23761    -0.21201
-0.39470    -0.25613
-0.29517    -0.46690
-0.15414    -0.36489
0.00027    -0.15161
0.02540    0.01270
-0.02922    0.08601
0.08137    0.19646
0.24764    0.30688
0.25735    0.10350
-0.02413    -0.09051
-0.03248    -0.18680
0.20810    -0.22724
0.27217    -0.11610
0.38097    -0.06720
0.20395    0.11106
-0.04500    0.23139
-0.07975    0.02184
-0.08630    -0.06734
0.19981    0.08475
0.13800    0.29772
-0.15571    0.25546
0.01816    0.05979
0.13384    0.04745
0.18394    0.03139
0.15500    0.12018
0.12778    0.16287
0.17682    -0.04054
-0.15549    -0.18192
-0.33182    -0.33937
-0.21735    -0.36446
-0.00867    -0.20678
0.21863    -0.05302
0.11366    0.17170
0.23606    0.22091
0.21367    0.14167
-0.21591    0.03047
-0.21587    -0.17619
-0.15917    -0.30213
-0.04167    -0.34915
0.08623    -0.24597
-0.08697    -0.13658
-0.04815    0.02953
-0.11896    0.25893
-0.13928    0.09202
0.22091    0.05723
0.33741    0.20862
0.20146    0.08449
-0.06923    0.06092
-0.22971    -0.04541
-0.21171    -0.12500
-0.27012    -0.05081
-0.11733    -0.17736
0.20732    -0.17973
0.37472    -0.23761
0.19068    -0.39470
0.02936    -0.29517
0.23775    -0.15414
0.32086    0.00027
0.29688    0.02540
0.12508    -0.02922
-0.01711    0.08137
0.29378    0.24764
0.27267    0.25735
0.01971    -0.02413
-0.10465    -0.03248
-0.35414    0.20810
-0.44104    0.27217
-0.68423    0.38097
-0.78308    0.20395
-0.46844    -0.04500
-0.34921    -0.07975
-0.01492    -0.08630
0.37936    0.19981
0.44648    0.13800
0.39443    -0.15571
0.29058    0.01816
0.37880    0.13384
0.18924    0.18394
0.03452    0.15500
0.28619    0.12778
0.06691    0.17682
-0.11356    -0.15549
-0.18014    -0.33182
-0.45717    -0.21735
-0.38076    -0.00867
-0.51118    0.21863
-0.56962    0.11366
-0.27251    0.23606
-0.33164    0.21367
-0.15365    -0.21591
0.09966    -0.21587
-0.00598    -0.15917
0.08430    -0.04167
0.28417    0.08623
0.60152    -0.08697
0.85750    -0.04815
0.81489    -0.11896
0.74477    -0.13928
0.52913    0.22091
0.43558    0.33741
0.56908    0.20146
0.44826    -0.06923
0.17391    -0.22971
-0.07761    -0.21171
-0.12839    -0.27012
-0.04006    -0.11733
-0.19049    0.20732
-0.31749    0.37472
-0.42796    0.19068
-0.73319    0.02936
-0.80100    0.23775
-0.66820    0.32086
-0.57834    0.29688
-0.30144    0.12508
0.13282    -0.01711
0.38863    0.29378
0.31996    0.27267
0.30597    0.01971
0.48612    -0.10465
0.30812    -0.35414
-0.11733    -0.44104
-0.30080    -0.68423
-0.27461    -0.78308
-0.05606    -0.46844
0.10401    -0.34921
-0.00574    -0.01492
-0.13396    0.37936
-0.15491    0.44648
0.02852    0.39443
0.27100    0.29058
0.27898    0.37880
0.20097    0.18924
0.14037    0.03452
0.07610    0.28619
-0.08202    0.06691
-0.35654    -0.11356
-0.28070    -0.18014
0.12564    -0.45717
0.23302    -0.38076
0.08972    -0.51118
0.07433    -0.56962
0.11516    -0.27251
0.15798    -0.33164
0.13484    -0.15365
-0.37066    0.09966
-1.08674    -0.00598
-1.16654    0.08430
-0.74757    0.28417
-0.27476    0.60152
0.18546    0.85750
0.30901    0.81489
0.12912    0.74477
-0.08451    0.52913
-0.32354    0.43558
-0.26368    0.56908
0.04758    0.44826
0.16494    0.17391
0.17570    -0.07761
0.12566    -0.12839
-0.01353    -0.04006
-0.19660    -0.19049
-0.34093    -0.31749
-0.09578    -0.42796
0.13912    -0.73319
-0.05009    -0.80100
-0.08281    -0.66820
0.08840    -0.57834
0.17606    -0.30144
0.20339    0.13282
0.21924    0.38863
0.25582    0.31996
0.01212    0.30597
-0.21787    0.48612
-0.00485    0.30812
0.09796    -0.11733
-0.24134    -0.30080
-0.55045    -0.27461
-0.23265    -0.05606
0.10225    0.10401
0.05458    -0.00574
0.30646    -0.13396
0.00575    -0.15491
-0.41093    0.02852
0.34393    0.27100
0.39333    0.27898
-0.30126    0.20097
-0.22109    0.14037
-0.01682    0.07610
0.20998    -0.08202
0.42689    -0.35654
0.53823    -0.28070
0.54092    0.12564
0.00510    0.23302
-0.27446    0.08972
-0.05469    0.07433
0.31127    0.11516
0.56683    0.15798
0.22742    0.13484
0.13893    -0.37066
0.05207    -1.08674
-0.46924    -1.16654
-0.36090    -0.74757
-0.25570    -0.27476
-0.37217    0.18546
-0.29025    0.30901
-0.52391    0.12912
-0.65347    -0.08451
-0.53842    -0.32354
-0.25098    -0.26368
-0.05532    0.04758
-0.23251    0.16494
-0.01246    0.17570
-0.14118    0.12566
-0.74050    -0.01353
-0.55325    -0.19660
-0.27216    -0.34093
-0.01643    -0.09578
0.25029    0.13912
0.03299    -0.05009
0.26335    -0.08281
0.69895    0.08840
0.71902    0.17606
0.72431    0.20339
0.39772    0.21924
-0.10696    0.25582
-0.26744    0.01212
-0.19593    -0.21787
-0.11026    -0.00485
-0.12882    0.09796
0.03864    -0.24134
0.36375    -0.55045
0.38133    -0.23265
0.12289    0.10225
-0.13610    0.05458
-0.28588    0.30646
-0.39420    0.00575
-0.41333    -0.41093
-0.34052    0.34393
-0.36032    0.39333
-0.19502    -0.30126
0.11279    -0.22109
-0.01489    -0.01682
-0.21378    0.20998
-0.01993    0.42689
0.24599    0.53823
0.31151    0.54092
-0.02461    0.00510
-0.20997    -0.27446
0.21732    -0.05469
0.22880    0.31127
-0.08314    0.56683
0.03220    0.22742
-0.00416    0.13893
-0.02867    0.05207
0.06339    -0.46924
-0.03751    -0.36090
0.09014    -0.25570
0.20029    -0.37217
0.39585    -0.29025
0.68927    -0.52391
0.62345    -0.65347
0.83538    -0.53842
0.56207    -0.25098
-0.46239    -0.05532
-0.51501    -0.23251
-0.17786    -0.01246
0.00545    -0.14118
0.62504    -0.74050
0.79309    -0.55325
0.37238    -0.27216
0.11018    -0.01643
0.10602    0.25029
0.06579    0.03299
-0.16676    0.26335
-0.40211    0.69895
-0.60642    0.71902
-0.39116    0.72431
-0.13245    0.39772
-0.39683    -0.10696
-0.22203    -0.26744
-0.01464    -0.19593
-0.11509    -0.11026
0.24453    -0.12882
0.17124    0.03864
0.05656    0.36375
0.43752    0.38133
0.24767    0.12289
0.10718    -0.13610
0.00585    -0.28588
-0.45719    -0.39420
-0.35556    -0.41333
-0.12058    -0.34052
-0.20896    -0.36032
-0.40343    -0.19502
-0.49413    0.11279
-0.08639    -0.01489
0.17891    -0.21378
0.05686    -0.01993
0.07719    0.24599
0.28290    0.31151
0.44962    -0.02461
0.22180    -0.20997
0.01193    0.21732
-0.06759    0.22880
-0.15866    -0.08314
0.33425    0.03220
0.64339    -0.00416
0.37680    -0.02867
0.20482    0.06339
-0.01000    -0.03751
0.15695    0.09014
0.24706    0.20029
-0.26640    0.39585
-0.31609    0.68927
-0.27674    0.62345
-0.33543    0.83538
0.02785    0.56207
0.15408    -0.46239
0.20860    -0.51501
0.30990    -0.17786
0.12912    0.00545
0.10412    0.62504
0.13199    0.79309
-0.09547    0.37238
-0.40380    0.11018
-0.46487    0.10602
-0.22613    0.06579
0.01357    -0.16676
0.19213    -0.40211
0.22368    -0.60642
0.24695    -0.39116
0.33785    -0.13245
0.34522    -0.39683
0.45063    -0.22203
0.21429    -0.01464
-0.26184    -0.11509
-0.25975    0.24453
-0.24943    0.17124
-0.28774    0.05656
-0.15674    0.43752
-0.09181    0.24767
0.10104    0.10718
0.40307    0.00585
0.66948    -0.45719
0.64249    -0.35556
0.37857    -0.12058
0.27711    -0.20896
0.03083    -0.40343
-0.21481    -0.49413
-0.20360    -0.08639
-0.02471    0.17891
0.39342    0.05686
0.33121    0.07719
-0.22085    0.28290
-0.52828    0.44962
-0.55031    0.22180
-0.20631    0.01193
0.12390    -0.06759
0.09346    -0.15866
-0.15369    0.33425
-0.34958    0.64339
-0.01427    0.37680
0.25025    0.20482
-0.01250    -0.01000
-0.14046    0.15695
-0.03321    0.24706
0.02788    -0.26640
-0.02571    -0.31609
0.10764    -0.27674
0.34370    -0.33543
0.38850    0.02785
0.53086    0.15408
0.47442    0.20860
0.27747    0.30990
0.28401    0.12912
0.29189    0.10412
0.52521    0.13199
0.44651    -0.09547
0.06399    -0.40380
0.04914    -0.46487
-0.30094    -0.22613
-0.77119    0.01357
-0.93951    0.19213
-0.98483    0.22368
-0.55979    0.24695
-0.07600    0.33785
0.22515    0.34522
0.24687    0.45063
-0.06578    0.21429
-0.25168    -0.26184
-0.42437    -0.25975
-0.12166    -0.24943
0.32772    -0.28774
0.07800    -0.15674
0.01220    -0.09181
0.03406    0.10104
0.13315    0.40307
0.73648    0.66948
0.81003    0.64249
0.59840    0.37857
0.70335    0.27711
0.76702    0.03083
0.57430    -0.21481
-0.12112    -0.20360
-0.64767    -0.02471
-0.57040    0.39342
-0.36099    0.33121
-0.27237    -0.22085
-0.42685    -0.52828
-0.38455    -0.55031
0.01047    -0.20631
0.33035    0.12390
0.23537    0.09346
-0.30566    -0.15369
-0.46210    -0.34958
-0.13450    -0.01427
-0.00582    0.25025
-0.03247    -0.01250
-0.14116    -0.14046
-0.30347    -0.03321
-0.38522    0.02788
-0.30469    -0.02571
-0.15402    0.10764
0.09558    0.34370
0.54791    0.38850
0.56187    0.53086
0.32288    0.47442
0.35730    0.27747
0.15905    0.28401
0.02747    0.29189
0.13223    0.52521
-0.00114    0.44651
-0.37442    0.06399
-0.67192    0.04914
-0.33948    -0.30094
-0.11780    -0.77119
-0.53557    -0.93951
-0.73610    -0.98483
-0.82484    -0.55979
-0.79743    -0.07600
-0.48730    0.22515
-0.04177    0.24687
0.60325    -0.06578
0.76110    -0.25168
0.63789    -0.42437
0.69073    -0.12166
0.52601    0.32772
0.50215    0.07800
0.44602    0.01220
0.19323    0.03406
0.09579    0.13315
-0.16296    0.73648
-0.45011    0.81003
-0.50417    0.59840
-0.18022    0.70335
0.10492    0.76702
-0.31509    0.57430
-0.42589    -0.12112
-0.06427    -0.64767
-0.13286    -0.57040
-0.19877    -0.36099
-0.07281    -0.27237
0.29804    -0.42685
0.83231    -0.38455
0.78815    0.01047
0.49447    0.33035
0.45298    0.23537
0.37674    -0.30566
0.27738    -0.46210
0.31365    -0.13450
0.32825    -0.00582
0.08518    -0.03247
-0.25909    -0.14116
-0.47152    -0.30347
-0.73424    -0.38522
-0.94869    -0.30469
-0.60882    -0.15402
0.11509    0.09558
0.30587    0.54791
-0.20136    0.56187
-0.48168    0.32288
-0.32440    0.35730
-0.33371    0.15905
-0.27960    0.02747
0.02594    0.13223
0.16458    -0.00114
0.32850    -0.37442
0.32992    -0.67192
-0.13165    -0.33948
-0.36476    -0.11780
-0.23710    -0.53557
-0.02983    -0.73610
-0.08876    -0.82484
-0.60111    -0.79743
-0.65511    -0.48730
-0.27491    -0.04177
-0.15873    0.60325
-0.06749    0.76110
-0.05060    0.63789
-0.08911    0.69073
-0.07253    0.52601
-0.09935    0.50215
-0.08170    0.44602
-0.03327    0.19323
0.27749    0.09579
0.38449    -0.16296
-0.01965    -0.45011
0.05955    -0.50417
0.47259    -0.18022
0.56004    0.10492
0.26976    -0.31509
-0.29946    -0.42589
-0.39962    -0.06427
-0.11981    -0.13286
-0.02470    -0.19877
0.08762    -0.07281
0.12869    0.29804
-0.00858    0.83231
-0.01690    0.78815
0.27462    0.49447
0.29606    0.45298
-0.27010    0.37674
-0.69917    0.27738
-0.73532    0.31365
-0.45548    0.32825
-0.21157    0.08518
-0.31769    -0.25909
-0.07058    -0.47152
0.30207    -0.73424
0.35951    -0.94869
0.47936    -0.60882
0.24360    0.11509
-0.19243    0.30587
-0.17435    -0.20136
0.00983    -0.48168
0.10150    -0.32440
0.20498    -0.33371
0.29137    -0.27960
0.17385    0.02594
0.04475    0.16458
-0.07578    0.32850
-0.20480    0.32992
-0.00757    -0.13165
-0.07927    -0.36476
-0.36702    -0.23710
-0.34073    -0.02983
-0.48974    -0.08876
-0.35003    -0.60111
0.02288    -0.65511
-0.01101    -0.27491
0.07054    -0.15873
0.16291    -0.06749
0.13834    -0.05060
-0.08937    -0.08911
-0.39399    -0.07253
-0.14169    -0.09935
-0.05466    -0.08170
0.05893    -0.03327
0.50203    0.27749
0.21909    0.38449
0.03434    -0.01965
0.30796    0.05955
0.22808    0.47259
0.11780    0.56004
0.10938    0.26976
0.27127    -0.29946
0.40212    -0.39962
0.28081    -0.11981
0.13998    -0.02470
0.13861    0.08762
0.54397    0.12869
0.36717    -0.00858
-0.32833    -0.01690
-0.25992    0.27462
-0.39487    0.29606
-0.47554    -0.27010
0.12160    -0.69917
0.22825    -0.73532
0.22373    -0.45548
-0.04657    -0.21157
-0.66093    -0.31769
-0.40800    -0.07058
-0.03744    0.30207
0.01099    0.35951
0.09236    0.47936
-0.13156    0.24360
-0.25534    -0.19243
-0.17140    -0.17435
-0.25839    0.00983
-0.38398    0.10150
-0.07039    0.20498
0.52405    0.29137
0.51988    0.17385
0.41776    0.04475
0.59300    -0.07578
0.32226    -0.20480
0.12665    -0.00757
0.22682    -0.07927
0.02575    -0.36702
-0.29092    -0.34073
-0.47619    -0.48974
-0.36956    -0.35003
-0.10486    0.02288
-0.12086    -0.01101
-0.27884    0.07054
-0.36427    0.16291
-0.45480    0.13834
-0.44461    -0.08937
-0.24061    -0.39399
-0.06778    -0.14169
-0.12216    -0.05466
-0.26312    0.05893
-0.10931    0.50203
0.30680    0.21909
0.60561    0.03434
0.92945    0.30796
0.95323    0.22808
0.39985    0.11780
0.29013    0.10938
0.53082    0.27127
0.35412    0.40212
0.07008    0.28081
-0.10411    0.13998
0.10891    0.13861
0.38855    0.54397
0.13227    0.36717
-0.16600    -0.32833
-0.35053    -0.25992
-0.38678    -0.39487
-0.18116    -0.47554
-0.04813    0.12160
0.06992    0.22825
-0.02694    0.22373
-0.18664    -0.04657
0.00550    -0.66093
0.21096    -0.40800
0.37885    -0.03744
0.34555    0.01099
0.16244    0.09236
0.28762    -0.13156
0.17953    -0.25534
-0.33744    -0.17140
-0.57590    -0.25839
-0.32474    -0.38398
-0.00509    -0.07039
-0.02379    0.52405
-0.04441    0.51988
0.01492    0.41776
-0.30047    0.59300
-0.78143    0.32226
-0.87719    0.12665
-0.52368    0.22682
-0.16497    0.02575
-0.02227    -0.29092
0.03991    -0.47619
0.13605    -0.36956
0.36565    -0.10486
0.58041    -0.12086
0.62000    -0.27884
0.50453    -0.36427
0.43844    -0.45480
0.43966    -0.44461
0.16119    -0.24061
-0.12894    -0.06778
-0.26900    -0.12216
-0.38306    -0.26312
-0.29531    -0.10931
-0.41076    0.30680
-0.63412    0.60561
-0.52765    0.92945
-0.21314    0.95323
0.23148    0.39985
0.27761    0.29013
0.25929    0.53082
0.58983    0.35412
0.43990    0.07008
0.16429    -0.10411
0.14479    0.10891
0.03667    0.38855
-0.09746    0.13227
-0.31954    -0.16600
-0.37147    -0.35053
-0.52026    -0.38678
-0.81852    -0.18116
-0.64136    -0.04813
-0.41157    0.06992
-0.16594    -0.02694
0.09123    -0.18664
0.13307    0.00550
0.28230    0.21096
0.14188    0.37885
0.05208    0.34555
0.27679    0.16244
0.17859    0.28762
0.25503    0.17953
0.37549    -0.33744
-0.02129    -0.57590
-0.48499    -0.32474
-0.47121    -0.00509
0.00314    -0.02379
-0.08734    -0.04441
-0.48759    0.01492
-0.12604    -0.30047
0.29074    -0.78143
0.25242    -0.87719
0.12926    -0.52368
0.34298    -0.16497
0.73085    -0.02227
0.53539    0.03991
0.17025    0.13605
0.10920    0.36565
0.07216    0.58041
0.11924    0.62000
0.20050    0.50453
0.27696    0.43844
0.39780    0.43966
0.49070    0.16119
0.44211    -0.12894
0.17754    -0.26900
-0.04099    -0.38306
-0.19929    -0.29531
-0.37235    -0.41076
-0.39796    -0.63412
-0.45931    -0.52765
-0.58469    -0.21314
-0.41829    0.23148
-0.06879    0.27761
0.00130    0.25929
-0.04898    0.58983
-0.00410    0.43990
-0.09771    0.16429
-0.16983    0.14479
-0.20709    0.03667
-0.31450    -0.09746
-0.27495    -0.31954
-0.14760    -0.37147
-0.02706    -0.52026
0.01841    -0.81852
0.33479    -0.64136
0.85424    -0.41157
0.68826    -0.16594
0.27450    0.09123
-0.02516    0.13307
-0.44467    0.28230
-0.38931    0.14188
-0.08680    0.05208
0.07858    0.27679
0.11132    0.17859
-0.02554    0.25503
0.12192    0.37549
0.26512    -0.02129
0.25591    -0.48499
0.35756    -0.47121
0.16871    0.00314
-0.26558    -0.08734
-0.50186    -0.48759
-0.15619    -0.12604
0.20189    0.29074
0.01350    0.25242
0.11645    0.12926
0.34609    0.34298
0.29403    0.73085
0.05831    0.53539
-0.43368    0.17025
-0.30936    0.10920
0.00332    0.07216
-0.10151    0.11924
0.15792    0.20050
0.05674    0.27696
-0.39558    0.39780
-0.19498    0.49070
0.00314    0.44211
-0.07803    0.17754
-0.02401    -0.04099
0.01472    -0.19929
-0.11542    -0.37235
0.14377    -0.39796
0.89144    -0.45931
1.00000    -0.58469
0.53533    -0.41829
0.19565    -0.06879
-0.15648    0.00130
-0.21182    -0.04898
-0.11105    -0.00410
-0.20321    -0.09771
-0.17697    -0.16983
-0.20691    -0.20709
-0.13905    -0.31450
0.14712    -0.27495
0.00000    -0.14760
-0.14810    -0.02706
0.13784    0.01841
0.20517    0.33479
0.17347    0.85424
0.19995    0.68826
0.11484    0.27450
0.22144    -0.02516
0.15820    -0.44467
-0.19695    -0.38931
-0.53124    -0.08680
-0.99563    0.07858
-0.88473    0.11132
-0.13176    -0.02554
0.13775    0.12192
0.02195    0.26512
0.06775    0.25591
0.10998    0.35756
0.00357    0.16871
0.18725    -0.26558
0.37759    -0.50186
-0.08178    -0.15619
-0.18118    0.20189
0.08455    0.01350
0.00916    0.11645
0.32763    0.34609
0.41130    0.29403
-0.08461    0.05831
-0.29369    -0.43368
-0.33534    -0.30936
-0.09479    0.00332
-0.00769    -0.10151
-0.22792    0.15792
0.16191    0.05674
0.54115    -0.39558
0.25577    -0.19498
-0.22473    0.00314
-0.38890    -0.07803
-0.22084    -0.02401
-0.20757    0.01472
-0.11147    -0.11542
0.02709    0.14377
-0.09785    0.89144
-0.07481    1.00000
0.10829    0.53533
0.41134    0.19565
0.45388    -0.15648
0.03111    -0.21182
-0.25591    -0.11105
-0.63643    -0.20321
-0.83608    -0.17697
-0.34036    -0.20691
0.01562    -0.13905
0.03993    0.14712
0.10626    0.00000
0.20656    -0.14810
0.25274    0.13784
0.17375    0.20517
0.19245    0.17347
0.19054    0.19995
0.07772    0.11484
0.09301    0.22144
0.03724    0.15820
0.05049    -0.19695
0.35889    -0.53124
0.49713    -0.99563
0.44722    -0.88473
0.51323    -0.13176
0.45876    0.13775
0.26121    0.02195
0.09782    0.06775
-0.14680    0.10998
-0.34468    0.00357
-0.41278    0.18725
-0.45848    0.37759
-0.41494    -0.08178
-0.29738    -0.18118
-0.12574    0.08455
-0.08745    0.00916
-0.20920    0.32763
-0.28531    0.41130
-0.53759    -0.08461
-0.70891    -0.29369
-0.47019    -0.33534
-0.28190    -0.09479
-0.35874    -0.00769
-0.36046    -0.22792
0.14612    0.16191
0.47815    0.54115
0.02680    0.25577
-0.05306    -0.22473
0.42051    -0.38890
0.44484    -0.22084
-0.03272    -0.20757
-0.30344    -0.11147
0.06247    0.02709
0.19440    -0.09785
-0.09981    -0.07481
-0.08928    0.10829
-0.18330    0.41134
-0.33453    0.45388
-0.22366    0.03111
-0.13264    -0.25591
0.01769    -0.63643
0.21420    -0.83608
0.47823    -0.34036
0.58523    0.01562
0.38176    0.03993
0.30462    0.10626
0.28748    0.20656
0.28684    0.25274
0.19802    0.17375
-0.05691    0.19245
-0.12790    0.19054
-0.34714    0.07772
-0.46605    0.09301
-0.14301    0.03724
-0.10755    0.05049
-0.12542    0.35889
0.18725    0.49713
0.46014    0.44722
0.50485    0.51323
0.33782    0.45876
0.32836    0.26121
0.36710    0.09782
0.14569    -0.14680
-0.10713    -0.34468
-0.37456    -0.41278
-0.51297    -0.45848
-0.44800    -0.41494
-0.43832    -0.29738
-0.46634    -0.12574
-0.46851    -0.08745
-0.29295    -0.20920
0.02340    -0.28531
0.13243    -0.53759
0.12663    -0.70891
0.28482    -0.47019
0.58116    -0.28190
0.74205    -0.35874
0.52004    -0.36046
0.11483    0.14612
-0.06650    0.47815
-0.08299    0.02680
-0.14366    -0.05306
0.00712    0.42051
0.43397    0.44484
0.68305    -0.03272
0.38402    -0.30344
-0.19019    0.06247
-0.30253    0.19440
-0.12342    -0.09981
-0.22453    -0.08928
-0.39159    -0.18330
-0.39517    -0.33453
-0.04400    -0.22366
0.26801    -0.13264
-0.11126    0.01769
-0.39340    0.21420
-0.07967    0.47823
0.27126    0.58523
0.48005    0.38176
0.45835    0.30462
0.25863    0.28748
0.03896    0.28684
-0.06457    0.19802
0.02905    -0.05691
0.01970    -0.12790
-0.07565    -0.34714
-0.14030    -0.46605
-0.10351    -0.14301
-0.00092    -0.10755
-0.36889    -0.12542
-0.74122    0.18725
-0.62454    0.46014
-0.54274    0.50485
-0.27030    0.33782
0.06037    0.32836
-0.01792    0.36710
-0.09397    0.14569
-0.13808    -0.10713
-0.04640    -0.37456
0.28200    -0.51297
0.45451    -0.44800
0.65868    -0.43832
0.76543    -0.46634
0.36916    -0.46851
0.13672    -0.29295
0.42352    0.02340
0.58182    0.13243
0.50333    0.12663
0.34917    0.28482
0.04883    0.58116
-0.07737    0.74205
-0.27879    0.52004
-0.67876    0.11483
-0.69021    -0.06650
-0.82924    -0.08299
-0.91639    -0.14366
-0.19696    0.00712
0.35399    0.43397
0.44561    0.68305
0.42509    0.38402
0.11082    -0.19019
-0.09158    -0.30253
-0.05751    -0.12342
-0.07132    -0.22453
-0.10980    -0.39159
0.15273    -0.39517
0.37636    -0.04400
0.00605    0.26801
-0.11797    -0.11126
-0.04266    -0.39340
-0.16056    -0.07967
0.10653    0.27126
0.20696    0.48005
0.34252    0.45835
0.52943    0.25863
-0.04145    0.03896
-0.24211    -0.06457
-0.11882    0.02905
-0.35916    0.01970
-0.42984    -0.07565
-0.59530    -0.14030
-0.58152    -0.10351
-0.26485    -0.00092
-0.03160    -0.36889
0.12865    -0.74122
-0.03485    -0.62454
-0.09010    -0.54274
-0.14976    -0.27030
-0.28019    0.06037
0.10046    -0.01792
0.25458    -0.09397
0.30611    -0.13808
0.58877    -0.04640
0.39775    0.28200
0.00732    0.45451
-0.13266    0.65868
0.06420    0.76543
0.17570    0.36916
0.24133    0.13672
0.64953    0.42352
0.66088    0.58182
0.58347    0.50333
0.50218    0.34917
-0.12345    0.04883
-0.37254    -0.07737
-0.46511    -0.27879
-0.66452    -0.67876
-0.47139    -0.69021
-0.46806    -0.82924
-0.52335    -0.91639
-0.31447    -0.19696
-0.17121    0.35399
-0.10102    0.44561
0.06844    0.42509
0.08469    0.11082
-0.33881    -0.09158
-0.47292    -0.05751
-0.41500    -0.07132
-0.37555    -0.10980
0.33661    0.15273
0.74429    0.37636
0.56679    0.00605
0.47782    -0.11797
0.25704    -0.04266
0.26895    -0.16056
0.08071    0.10653
-0.35616    0.20696
-0.15363    0.34252
0.10829    0.52943
0.07177    -0.04145
-0.08139    -0.24211
-0.20797    -0.11882
-0.23140    -0.35916
-0.18868    -0.42984
0.19826    -0.59530
0.22299    -0.58152
-0.28874    -0.26485
-0.60572    -0.03160
-0.63339    0.12865
-0.04472    -0.03485
0.40202    -0.09010
0.18543    -0.14976
0.24284    -0.28019
0.35757    0.10046
0.31985    0.25458
0.38444    0.30611
0.38242    0.58877
0.27413    0.39775
0.12582    0.00732
0.20363    -0.13266
0.31376    0.06420
0.44843    0.17570
0.73618    0.24133
0.67479    0.64953
0.48028    0.66088
0.22364    0.58347
-0.11709    0.50218
-0.03431    -0.12345
0.02039    -0.37254
-0.13191    -0.46511
-0.03122    -0.66452
0.10642    -0.47139
0.08664    -0.46806
0.11458    -0.52335
0.10191    -0.31447
-0.04834    -0.17121
-0.01170    -0.10102
-0.11003    0.06844
-0.34240    0.08469
-0.11599    -0.33881
0.06470    -0.47292
0.18658    -0.41500
0.28095    -0.37555
-0.02432    0.33661
-0.02334    0.74429
0.17432    0.56679
0.17903    0.47782
0.27663    0.25704
0.49285    0.26895
0.64090    0.08071
0.27054    -0.35616
-0.11563    -0.15363
-0.43731    0.10829
-0.90491    0.07177
-0.60963    -0.08139
-0.25246    -0.20797
-0.20615    -0.23140
-0.03230    -0.18868
-0.05717    0.19826
0.29935    0.22299
0.34010    -0.28874
-0.10640    -0.60572
0.13821    -0.63339
0.22428    -0.04472
-0.00844    0.40202
-0.11285    0.18543
-0.08934    0.24284
-0.04279    0.35757
-0.46106    0.31985
-0.44883    0.38444
-0.32756    0.38242
-0.69103    0.27413
-0.59443    0.12582
-0.62849    0.20363
-0.53339    0.31376
-0.05476    0.44843
-0.01306    0.73618
0.23937    0.67479
0.46282    0.48028
0.53006    0.22364
0.71685    -0.11709
0.47648    -0.03431
0.37476    0.02039
0.39536    -0.13191
0.13726    -0.03122
-0.14721    0.10642
-0.37064    0.08664
-0.17412    0.11458
0.01532    0.10191
-0.11817    -0.04834
-0.17684    -0.01170
-0.15817    -0.11003
-0.03801    -0.34240
-0.03229    -0.11599
-0.15340    0.06470
-0.22804    0.18658
-0.27500    0.28095
-0.32257    -0.02432
-0.43059    -0.02334
-0.30946    0.17432
-0.36507    0.17903
-0.45313    0.27663
0.09562    0.49285
0.23373    0.64090
-0.02304    0.27054
-0.05938    -0.11563
-0.22049    -0.43731
-0.21717    -0.90491
-0.27357    -0.60963
-0.43512    -0.25246
-0.46622    -0.20615
-0.45734    -0.03230
-0.22664    -0.05717
-0.22762    0.29935
-0.16115    0.34010
0.08952    -0.10640
-0.05510    0.13821
-0.00581    0.22428
-0.03647    -0.00844
-0.17372    -0.11285
-0.02371    -0.08934
-0.20873    -0.04279
-0.20479    -0.46106
0.02568    -0.44883
0.11801    -0.32756
0.42622    -0.69103
0.44015    -0.59443
0.25560    -0.62849
0.11374    -0.53339
-0.10389    -0.05476
-0.06442    -0.01306
0.06256    0.23937
0.25312    0.46282
0.50299    0.53006
0.65509    0.71685
0.58851    0.47648
0.17455    0.37476
-0.01822    0.39536
-0.16010    0.13726
-0.53933    -0.14721
-0.56486    -0.37064
-0.45638    -0.17412
-0.48862    0.01532
-0.56945    -0.11817
-0.54354    -0.17684
-0.29671    -0.15817
-0.12061    -0.03801
0.20586    -0.03229
0.61436    -0.15340
0.63757    -0.22804
0.40445    -0.27500
0.18130    -0.32257
0.34099    -0.43059
0.58520    -0.30946
0.63507    -0.36507
0.86961    -0.45313
0.83283    0.09562
0.40881    0.23373
0.15915    -0.02304
-0.00125    -0.05938
-0.28700    -0.22049
-0.64462    -0.21717
-0.82698    -0.27357
-0.86870    -0.43512
-0.79915    -0.46622
-0.42625    -0.45734
-0.02796    -0.22664
0.22338    -0.22762
0.19672    -0.16115
-0.12425    0.08952
-0.21050    -0.05510
-0.09279    -0.00581
-0.07481    -0.03647
-0.15379    -0.17372
-0.21209    -0.02371
0.00968    -0.20873
0.19693    -0.20479
0.05266    0.02568
-0.07933    0.11801
-0.18095    0.42622
-0.29729    0.44015
-0.25140    0.25560
-0.20503    0.11374
-0.18982    -0.10389
-0.00769    -0.06442
0.17649    0.06256
0.24382    0.25312
0.21641    0.50299
-0.00394    0.65509
-0.16086    0.58851
-0.03869    0.17455
0.16483    -0.01822
0.39605    -0.16010
0.54875    -0.53933
0.38915    -0.56486
0.14495    -0.45638
0.14168    -0.48862
0.12348    -0.56945
-0.04491    -0.54354
-0.18386    -0.29671
-0.35268    -0.12061
-0.29538    0.20586
-0.11025    0.61436
-0.30927    0.63757
-0.45407    0.40445
-0.33826    0.18130
-0.18458    0.34099
-0.03032    0.58520
-0.20968    0.63507
-0.40151    0.86961
-0.31465    0.83283
-0.18422    0.40881
0.07909    0.15915
0.12933    -0.00125
-0.00576    -0.28700
0.17837    -0.64462
0.38135    -0.82698
0.33201    -0.86870
0.16471    -0.79915
0.14526    -0.42625
0.32793    -0.02796
0.50062    0.22338
0.53730    0.19672
0.30237    -0.12425
0.19219    -0.21050
0.24319    -0.09279
-0.05151    -0.07481
-0.25675    -0.15379
-0.23438    -0.21209
-0.14527    0.00968
0.07015    0.19693
-0.13845    0.05266
-0.40624    -0.07933
-0.19724    -0.18095
-0.10811    -0.29729
-0.12217    -0.25140
0.00278    -0.20503
0.12638    -0.18982
0.27585    -0.00769
0.31208    0.17649
0.10469    0.24382
-0.17930    0.21641
-0.09603    -0.00394
0.28060    -0.16086
0.29076    -0.03869
0.11792    0.16483
0.04856    0.39605
-0.13009    0.54875
-0.16459    0.38915
-0.05729    0.14495
-0.01382    0.14168
0.12492    0.12348
0.21668    -0.04491
0.16636    -0.18386
0.09468    -0.35268
0.10465    -0.29538
0.16177    -0.11025
-0.00095    -0.30927
-0.00094    -0.45407
0.31968    -0.33826
0.34026    -0.18458
0.22698    -0.03032
0.15533    -0.20968
0.06780    -0.40151
0.17695    -0.31465
0.13372    -0.18422
0.06258    0.07909
0.14548    0.12933
-0.06470    -0.00576
-0.21054    0.17837
-0.16878    0.38135
-0.21599    0.33201
-0.12677    0.16471
-0.06300    0.14526
-0.11052    0.32793
-0.17685    0.50062
-0.28449    0.53730
-0.16917    0.30237
0.03407    0.19219
0.00807    0.24319
-0.13435    -0.05151
-0.15424    -0.25675
0.02574    -0.23438
0.12073    -0.14527
0.04528    0.07015
-0.02237    -0.13845
-0.11186    -0.40624
-0.08820    -0.19724
0.07210    -0.10811
0.05190    -0.12217
-0.07426    0.00278
-0.03852    0.12638
0.13309    0.27585
0.32244    0.31208
0.38910    0.10469
0.40270    -0.17930
0.40868    -0.09603
0.20161    0.28060
0.04371    0.29076
0.04267    0.11792
-0.07356    0.04856
-0.10652    -0.13009
-0.15760    -0.16459
