 4574
 4570
 4564
 4559
 4556
 4549
 4547
 4540
 4536
 4532
 4527
 4526
 4520
 4519
 4517
 4512
 4512
 4508
 4506
 4505
 4501
 4498
 4497
 4493
 4493
 4491
 4489
 4488
 4486
 4483
 4480
 4478
 4475
 4473
 4471
 4468
 4466
 4464
 4462
 4459
 4458
 4456
 4453
 4450
 4446
 4442
 4438
 4438
 4436
 4437
 4437
 4438
 4439
 4440
 4440
 4440
 4439
 4440
 4442
 4445
 4453
 4465
 4484
 4506
 4535
 4569
 4607
 4649
 4691
 4735
 4777
 4818
 4857
 4893
 4926
 4954
 4977
 4996
 5009
 5017
 5023
 5022
 5021
 5017
 5010
 5001
 4989
 4977
 4962
 4949
 4933
 4919
 4905
 4890
 4878
 4865
 4854
 4843
 4831
 4822
 4810
 4802
 4793
 4784
 4777
 4770
 4762
 4756
 4747
 4738
 4731
 4721
 4712
 4701
 4692
 4683
 4672
 4664
 4656
 4648
 4642
 4637
 4634
 4629
 4630
 4629
 4631
 4633
 4635
 4639
 4641
 4646
 4650
 4653
 4659
 4662
 4668
 4672
 4676
 4681
 4683
 4685
 4684
 4685
 4681
 4681
 4679
 4675
 4673
 4668
 4664
 4658
 4651
 4645
 4637
 4630
 4625
 4618
 4612
 4607
 4599
 4594
 4588
 4580
 4574
 4565
 4560
 4553
 4546
 4540
 4532
 4526
 4520
 4514
 4508
 4503
 4497
 4491
 4487
 4483
 4479
 4477
 4474
 4472
 4469
 4465
 4466
 4464
 4465
 4465
 4464
 4463
 4459
 4457
 4452
 4449
 4446
 4442
 4438
 4436
 4432
 4431
 4430
 4429
 4429
 4430
 4430
 4429
 4429
 4428
 4426
 4423
 4420
 4416
 4413
 4412
 4410
 4407
 4406
 4403
 4401
 4400
 4398
 4397
 4398
 4400
 4405
 4414
 4427
 4449
 4472
 4502
 4537
 4572
 4615
 4657
 4699
 4745
 4786
 4828
 4864
 4894
 4923
 4942
 4959
 4971
 4975
 4978
 4974
 4968
 4962
 4951
 4940
 4930
 4915
 4903
 4890
 4874
 4860
 4845
 4830
 4815
 4802
 4789
 4776
 4765
 4754
 4745
 4738
 4730
 4724
 4718
 4710
 4704
 4696
 4687
 4679
 4667
 4657
 4644
 4632
 4622
 4610
 4600
 4590
 4581
 4575
 4570
 4569
 4567
 4568
 4568
 4570
 4573
 4575
 4581
 4586
 4591
 4597
 4600
 4605
 4610
 4613
 4617
 4621
 4623
 4625
 4627
 4626
 4626
 4626
 4624
 4623
 4620
 4615
 4613
 4606
 4601
 4594
 4586
 4579
 4571
 4565
 4558
 4551
 4544
 4538
 4531
 4527
 4521
 4515
 4511
 4507
 4505
 4502
 4498
 4495
 4491
 4487
 4484
 4479
 4474
 4471
 4467
 4464
 4460
 4454
 4450
 4444
 4440
 4438
 4432
 4431
 4427
 4424
 4422
 4419
 4418
 4416
 4415
 4412
 4410
 4408
 4403
 4401
 4398
 4394
 4392
 4390
 4388
 4387
 4387
 4386
 4387
 4386
 4387
 4387
 4387
 4388
 4391
 4394
 4401
 4412
 4426
 4447
 4473
 4504
 4540
 4580
 4622
 4666
 4712
 4754
 4796
 4835
 4869
 4902
 4930
 4951
 4966
 4976
 4981
 4983
 4980
 4976
 4969
 4961
 4952
 4940
 4931
 4917
 4905
 4894
 4878
 4866
 4851
 4837
 4825
 4811
 4800
 4789
 4778
 4769
 4758
 4749
 4740
 4731
 4724
 4717
 4709
 4701
 4693
 4682
 4673
 4663
 4652
 4642
 4633
 4623
 4617
 4609
 4602
 4596
 4591
 4587
 4583
 4581
 4580
 4580
 4582
 4585
 4590
 4595
 4601
 4608
 4615
 4621
 4628
 4634
 4637
 4642
 4644
 4645
 4645
 4645
 4645
 4642
 4642
 4640
 4635
 4633
 4629
 4624
 4620
 4611
 4602
 4594
 4584
 4574
 4565
 4556
 4546
 4538
 4531
 4525
 4519
 4514
 4510
 4507
 4502
 4497
 4492
 4486
 4481
 4476
 4471
 4466
 4461
 4455
 4451
 4447
 4442
 4438
 4433
 4429
 4427
 4423
 4420
 4417
 4413
 4411
 4408
 4406
 4403
 4400
 4398
 4394
 4390
 4387
 4382
 4378
 4375
 4372
 4370
 4367
 4366
 4365
 4368
 4369
 4372
 4377
 4379
 4386
 4390
 4399
 4411
 4425
 4446
 4472
 4502
 4539
 4577
 4621
 4665
 4708
 4754
 4793
 4835
 4873
 4907
 4939
 4965
 4985
 4999
 5008
 5015
 5016
 5017
 5013
 5007
 5000
 4990
 4980
 4967
 4954
 4940
 4925
 4908
 4894
 4878
 4864
 4851
 4838
 4827
 4818
 4807
 4799
 4794
 4785
 4781
 4776
 4768
 4762
 4755
 4746
 4738
 4728
 4718
 4707
 4698
 4686
 4675
 4667
 4656
 4647
 4638
 4632
 4625
 4622
 4621
 4618
 4619
 4621
 4622
 4627
 4631
 4636
 4641
 4646
 4649
 4652
 4657
 4659
 4664
 4665
 4667
 4669
 4668
 4671
 4671
 4668
 4669
 4667
 4664
 4662
 4659
 4655
 4651
 4648
 4642
 4636
 4630
 4621
 4613
 4604
 4597
 4588
 4582
 4574
 4567
 4562
 4556
 4552
 4547
 4543
 4539
 4535
 4531
 4526
 4522
 4518
 4513
 4509
 4505
 4501
 4499
 4494
 4490
 4484
 4479
 4476
 4474
 4472
 4469
 4468
 4464
 4464
 4461
 4457
 4457
 4452
 4449
 4445
 4442
 4437
 4435
 4432
 4428
 4427
 4423
 4423
 4422
 4422
 4422
 4423
 4425
 4426
 4429
 4432
 4437
 4445
 4457
 4474
 4497
 4523
 4555
 4592
 4631
 4674
 4718
 4761
 4803
 4843
 4882
 4916
 4947
 4972
 4991
 5006
 5017
 5023
 5027
 5026
 5021
 5016
 5007
 4998
 4986
 4973
 4959
 4945
 4931
 4918
 4908
 4896
 4886
 4878
 4867
 4858
 4848
 4839
 4831
 4822
 4814
 4807
 4800
 4795
 4789
 4784
 4779
 4771
 4765
 4756
 4746
 4739
 4729
 4720
 4712
 4702
 4694
 4685
 4678
 4671
 4666
 4663
 4659
 4658
 4657
 4658
 4660
 4663
 4667
 4671
 4676
 4682
 4687
 4691
 4697
 4700
 4702
 4706
 4706
 4707
 4706
 4705
 4702
 4699
 4696
 4692
 4689
 4685
 4681
 4676
 4670
 4665
 4659
 4654
 4648
 4643
 4636
 4628
 4622
 4615
 4608
 4601
 4595
 4588
 4583
 4578
 4572
 4568
 4564
 4558
 4555
 4550
 4544
 4541
 4536
 4533
 4529
 4526
 4523
 4521
 4518
 4514
 4512
 4507
 4503
 4499
 4495
 4492
 4487
 4484
 4480
 4478
 4475
 4474
 4472
 4471
 4471
 4469
 4469
 4466
 4464
 4462
 4459
 4459
 4458
 4458
 4458
 4458
 4460
 4460
 4461
 4462
 4462
 4464
 4467
 4473
 4484
 4500
 4521
 4549
 4581
 4617
 4659
 4701
 4745
 4790
 4833
 4872
 4911
 4943
 4973
 4998
 5016
 5031
 5038
 5044
 5044
 5042
 5038
 5031
 5023
 5014
 5004
 4993
 4982
 4969
 4958
 4945
 4931
 4920
 4906
 4895
 4882
 4870
 4860
 4850
 4844
 4837
 4831
 4827
 4822
 4818
 4812
 4808
 4801
 4794
 4785
 4773
 4761
 4748
 4736
 4725
 4713
 4704
 4696
 4689
 4684
 4681
 4678
 4676
 4676
 4678
 4678
 4682
 4686
 4687
 4691
 4694
 4697
 4701
 4704
 4707
 4711
 4712
 4715
 4718
 4717
 4719
 4719
 4718
 4718
 4716
 4715
 4713
 4709
 4706
 4700
 4695
 4691
 4684
 4680
 4673
 4666
 4660
 4652
 4644
 4637
 4630
 4623
 4616
 4608
 4599
 4594
 4586
 4582
 4577
 4571
 4567
 4562
 4560
 4555
 4551
 4549
 4543
 4540
 4535
 4529
 4525
 4520
 4517
 4512
 4509
 4506
 4503
 4502
 4499
 4496
 4494
 4491
 4489
 4486
 4481
 4478
 4475
 4472
 4472
 4471
 4468
 4469
 4466
 4466
 4466
 4466
 4467
 4465
 4465
 4464
 4464
 4466
 4466
 4468
 4470
 4474
 4482
 4492
 4506
 4524
 4547
 4574
 4607
 4643
 4683
 4725
 4767
 4807
 4847
 4884
 4918
 4951
 4977
 4997
 5013
 5022
 5027
 5030
 5028
 5024
 5019
 5011
 5003
 4994
 4984
 4974
 4961
 4948
 4933
 4920
 4906
 4891
 4878
 4864
 4853
 4842
 4833
 4824
 4816
 4808
 4801
 4795
 4789
 4784
 4778
 4773
 4764
 4755
 4746
 4735
 4727
 4720
 4711
 4704
 4695
 4687
 4680
 4675
 4671
 4670
 4670
 4669
 4670
 4671
 4672
 4675
 4677
 4680
 4684
 4688
 4694
 4700
 4703
 4709
 4712
 4716
 4722
 4725
 4728
 4731
 4730
 4731
 4731
 4727
 4724
 4719
 4711
 4706
 4698
 4690
 4684
 4675
 4669
 4663
 4657
 4652
 4646
 4640
 4636
 4631
 4625
 4621
 4615
 4610
 4605
 4599
 4596
 4591
 4586
 4582
 4577
 4572
 4567
 4562
 4557
 4553
 4549
 4544
 4539
 4533
 4528
 4522
 4517
 4511
 4504
 4500
 4496
 4494
 4492
 4490
 4487
 4483
 4482
 4480
 4478
 4478
 4476
 4477
 4477
 4478
 4479
 4480
 4482
 4484
 4485
 4485
 4486
 4488
 4494
 4502
 4516
 4534
 4559
 4590
 4624
 4663
 4704
 4749
 4791
 4836
 4878
 4914
 4950
 4980
 5006
 5024
 5038
 5048
 5052
 5056
 5054
 5051
 5045
 5039
 5033
 5024
 5016
 5005
 4992
 4980
 4966
 4952
 4936
 4923
 4907
 4894
 4882
 4868
 4858
 4848
 4841
 4834
 4828
 4823
 4818
 4814
 4808
 4803
 4796
 4788
 4778
 4768
 4756
 4744
 4731
 4720
 4711
 4702
 4696
 4691
 4688
 4687
 4686
 4687
 4689
 4691
 4698
 4700
 4707
 4712
 4716
 4722
 4724
 4731
 4735
 4740
 4746
 4749
 4754
 4757
 4757
 4759
 4757
 4755
 4752
 4747
 4741
 4734
 4729
 4723
 4717
 4710
 4701
 4693
 4684
 4674
 4663
 4652
 4641
 4632
 4621
 4611
 4601
 4590
 4583
 4574
 4567
 4561
 4554
 4551
 4546
 4541
 4536
 4529
 4524
 4516
 4510
 4503
 4496
 4491
 4485
 4482
 4479
 4480
 4479
 4479
 4480
 4474
 4472
 4469
 4464
 4462
 4458
 4454
 4452
 4448
 4447
 4444
 4442
 4441
 4439
 4438
 4436
 4434
 4433
 4431
 4431
 4432
 4434
 4441
 4455
 4471
 4495
 4526
 4558
 4597
 4637
 4677
 4721
 4761
 4799
 4833
 4865
 4891
 4914
 4932
 4943
 4953
 4959
 4961
 4962
 4959
 4954
 4948
 4939
 4931
 4921
