  3161
  3160
  3154
  3155
  3157
  3158
  3155
  3152
  3148
  3152
  3155
  3150
  3138
  3116
  3089
  3073
  3072
  3087
  3097
  3101
  3098
  3100
  3100
  3100
  3097
  3101
  3108
  3109
  3113
  3114
  3112
  3118
  3113
  3114
  3115
  3116
  3128
  3120
  3127
  3121
  3128
  3119
  3124
  3125
  3124
  3129
  3117
  3127
  3127
  3133
  3130
  3128
  3132
  3128
  3129
  3133
  3131
  3132
  3133
  3134
  3133
  3130
  3131
  3131
  3127
  3132
  3142
  3138
  3137
  3139
  3138
  3143
  3141
  3141
  3138
  3144
  3142
  3140
  3142
  3141
  3140
  3142
  3144
  3144
  3143
  3150
  3145
  3152
  3148
  3143
  3144
  3141
  3143
  3142
  3143
  3139
  3141
  3141
  3142
  3144
  3140
  3142
  3144
  3141
  3143
  3140
  3139
  3135
  3137
  3144
  3139
  3147
  3146
  3150
  3148
  3148
  3145
  3148
  3152
  3173
  3199
  3219
  3218
  3201
  3185
  3178
  3178
  3184
  3192
  3198
  3199
  3193
  3188
  3187
  3185
  3185
  3183
  3185
  3181
  3178
  3174
  3177
  3174
  3171
  3175
  3168
  3168
  3166
  3161
  3160
  3160
  3158
  3154
  3154
  3159
  3163
  3161
  3162
  3155
  3159
  3157
  3158
  3149
  3134
  3106
  3085
  3075
  3076
  3090
  3100
  3104
  3104
  3099
  3097
  3094
  3097
  3099
  3101
  3104
  3111
  3109
  3106
  3105
  3108
  3110
  3114
  3114
  3118
  3114
  3118
  3118
  3116
  3120
  3119
  3119
  3117
  3121
  3121
  3123
  3121
  3136
  3131
  3130
  3135
  3127
  3133
  3134
  3133
  3133
  3137
  3136
  3135
  3136
  3137
  3140
  3139
  3139
  3140
  3141
  3139
  3141
  3140
  3141
  3141
  3144
  3140
  3143
  3144
  3143
  3143
  3139
  3140
  3140
  3139
  3138
  3136
  3138
  3137
  3140
  3138
  3137
  3137
  3135
  3142
  3149
  3148
  3147
  3146
  3148
  3153
  3151
  3146
  3146
  3146
  3149
  3146
  3152
  3147
  3144
  3144
  3144
  3146
  3146
  3144
  3144
  3145
  3146
  3143
  3147
  3167
  3187
  3212
  3227
  3223
  3207
  3186
  3180
  3184
  3187
  3195
  3195
  3200
  3197
  3192
  3186
  3184
  3184
  3184
  3190
  3193
  3194
  3186
  3183
  3183
  3180
  3180
  3174
  3175
  3184
  3171
  3170
  3168
  3167
  3167
  3163
  3163
  3160
  3164
  3160
  3155
  3156
  3154
  3160
  3140
  3117
  3096
  3075
  3064
  3068
  3081
  3095
  3095
  3097
  3087
  3084
  3081
  3084
  3086
  3088
  3090
  3094
  3092
  3096
  3104
  3107
  3112
  3109
  3111
  3112
  3112
  3113
  3116
  3117
  3119
  3122
  3124
  3120
  3120
  3125
  3128
  3123
  3129
  3127
  3127
  3126
  3126
  3127
  3129
  3131
  3135
  3131
  3135
  3131
  3127
  3130
  3131
  3131
  3133
  3131
  3132
  3130
  3129
  3133
  3133
  3136
  3131
  3137
  3139
  3140
  3142
  3143
  3144
  3143
  3144
  3143
  3144
  3143
  3142
  3144
  3143
  3146
  3144
  3148
  3142
  3141
  3143
  3143
  3143
  3147
  3148
  3146
  3145
  3144
  3144
  3142
  3145
  3141
  3148
  3144
  3140
  3138
  3141
  3143
  3142
  3144
  3138
  3141
  3143
  3140
  3142
  3174
  3202
  3224
  3237
  3236
  3224
  3201
  3197
  3197
  3205
  3212
  3215
  3219
  3215
  3210
  3212
  3203
  3198
  3202
  3200
  3197
  3194
  3190
  3190
  3185
  3184
  3182
  3179
  3180
  3176
  3176
  3174
  3172
  3168
  3167
  3166
  3168
  3162
  3159
  3158
  3159
  3164
  3160
  3151
  3129
  3107
  3096
  3075
  3068
  3067
  3082
  3092
  3096
  3090
  3090
  3085
  3084
  3085
  3088
  3094
  3098
  3097
  3102
  3100
  3096
  3099
  3102
  3108
  3107
  3106
  3109
  3114
  3110
  3109
  3112
  3115
  3113
  3117
  3121
  3116
  3118
  3117
  3115
  3121
  3122
  3120
  3118
  3118
  3125
  3124
  3130
  3134
  3129
  3135
  3136
  3134
  3135
  3137
  3139
  3139
  3143
  3144
  3137
  3139
  3140
  3143
  3139
  3143
  3152
  3140
  3142
  3144
  3141
  3143
  3148
  3152
  3145
  3149
  3144
  3144
  3144
  3143
  3147
  3142
  3142
  3142
  3143
  3143
  3138
  3139
  3145
  3138
  3138
  3134
  3142
  3145
  3150
  3147
  3143
  3149
  3147
  3149
  3147
  3149
  3147
  3145
  3151
  3148
  3148
  3149
  3163
  3195
  3217
  3229
  3242
  3238
  3225
  3209
  3202
  3205
  3216
  3215
  3222
  3219
  3222
  3215
  3210
  3207
  3206
  3201
  3197
  3194
  3196
  3187
  3188
  3185
  3183
  3179
  3180
  3182
  3183
  3178
  3179
  3184
  3175
  3174
  3173
  3169
  3169
  3168
  3165
  3167
  3168
  3161
  3144
  3121
  3099
  3079
  3066
  3055
  3058
  3063
  3076
  3084
  3081
  3077
  3073
  3074
  3074
  3077
  3081
  3084
  3086
  3088
  3086
  3087
  3090
  3093
  3100
  3095
  3100
  3098
  3106
  3104
  3111
  3115
  3115
  3119
  3118
  3121
  3118
  3120
  3122
  3123
  3126
  3128
  3126
  3126
  3126
  3127
  3125
  3130
  3130
  3130
  3132
  3132
  3130
  3133
  3130
  3138
  3137
  3132
  3134
  3135
  3136
  3131
  3134
  3130
  3130
  3134
  3136
  3135
  3132
  3133
  3135
  3129
  3134
  3136
  3140
  3143
  3143
  3142
  3145
  3145
  3144
  3143
  3144
  3146
  3144
  3148
  3145
  3148
  3146
  3144
  3146
  3147
  3148
  3147
  3147
  3149
  3153
  3147
  3148
  3152
  3154
  3150
  3148
  3148
  3147
  3144
  3155
  3175
  3203
  3224
  3239
  3242
  3247
  3237
  3222
  3212
  3210
  3217
  3227
  3241
  3235
  3232
  3226
  3221
  3219
  3218
  3218
  3214
  3212
  3209
  3207
  3204
  3198
  3202
  3195
  3190
  3191
  3188
  3192
  3187
  3185
  3181
  3180
  3177
  3173
  3171
  3167
  3167
  3166
  3166
  3158
  3137
  3113
  3084
  3071
  3058
  3052
  3046
  3049
  3058
  3063
  3066
  3068
  3076
  3070
  3070
  3071
  3075
  3082
  3084
  3087
  3096
  3093
  3092
  3096
  3096
  3095
  3101
  3106
  3104
  3105
  3104
  3106
  3105
  3111
  3114
  3120
  3113
  3116
  3117
  3117
  3114
  3114
  3120
  3120
  3118
  3119
  3118
  3121
  3125
  3128
  3121
  3122
  3122
  3121
  3122
  3135
  3131
  3133
  3136
  3135
  3136
  3144
  3137
  3140
  3141
  3141
  3141
  3142
  3140
  3141
  3144
  3139
  3141
  3141
  3142
  3141
  3141
  3145
  3141
  3147
  3138
  3143
  3144
  3143
  3141
  3142
  3141
  3144
  3143
  3144
  3142
  3140
  3141
  3141
  3141
  3140
  3143
  3138
  3137
  3139
  3144
  3148
  3146
  3148
  3141
  3147
  3164
  3192
  3214
  3231
  3240
  3252
  3260
  3261
  3243
  3236
  3227
  3229
  3233
  3244
  3243
  3239
  3236
  3231
  3228
  3222
  3221
  3218
  3217
  3214
  3216
  3207
  3203
  3199
  3196
  3193
  3190
  3183
  3185
  3180
  3177
  3173
  3171
  3171
  3173
  3176
  3177
  3170
  3169
  3166
  3147
  3128
  3112
  3082
  3069
  3059
  3049
  3042
  3039
  3045
  3053
  3066
  3062
  3059
  3056
  3060
  3058
  3066
  3068
  3067
  3070
  3074
  3076
  3077
  3075
  3079
  3080
  3084
  3088
  3085
  3091
  3095
  3095
  3098
  3097
  3098
  3094
  3099
  3103
  3108
  3115
  3115
  3118
  3119
  3116
  3118
  3119
  3121
  3122
  3121
  3123
  3124
  3124
  3127
  3136
  3129
  3129
  3135
  3131
  3135
  3131
  3131
  3131
  3137
  3137
  3134
  3138
  3135
  3137
  3136
  3148
  3134
  3138
  3139
  3141
  3139
  3139
  3138
  3138
  3142
  3139
  3140
  3137
  3143
  3147
  3149
  3151
  3150
  3152
  3150
  3150
  3148
  3149
  3146
  3149
  3152
  3149
  3147
  3152
  3148
  3147
  3147
  3147
  3147
  3144
  3150
  3160
  3180
  3205
  3232
  3239
  3250
  3259
  3271
  3275
  3268
  3249
  3241
  3242
  3250
  3256
  3252
  3247
  3238
  3235
  3234
  3227
  3227
  3228
  3230
  3226
  3223
  3217
  3213
  3212
  3212
  3206
  3200
  3200
  3197
  3192
  3191
  3190
  3183
  3185
  3179
  3180
  3175
  3169
  3170
  3159
  3135
  3110
  3085
  3069
  3059
  3047
  3035
  3027
  3018
  3020
  3029
  3039
  3042
  3043
  3041
  3038
  3039
  3042
  3041
  3050
  3056
  3062
  3069
  3066
  3071
  3075
  3077
  3081
  3083
  3087
  3088
  3091
  3092
  3097
  3096
  3100
  3102
  3103
  3106
  3108
  3106
  3099
  3111
  3113
  3112
  3118
  3116
  3116
  3118
  3118
  3122
  3120
  3120
  3123
  3123
  3125
  3123
  3122
  3122
  3122
  3128
  3125
  3124
  3124
  3128
  3128
  3133
  3134
  3133
  3138
  3152
  3143
  3139
  3140
  3146
  3141
  3148
  3141
  3142
  3143
  3143
  3143
  3142
  3145
  3141
  3146
  3144
  3150
  3146
  3146
  3144
  3145
  3148
  3148
  3149
  3149
  3147
  3144
  3147
  3147
  3147
  3149
  3147
  3145
  3144
  3146
  3164
  3191
  3217
  3235
  3247
  3264
  3268
  3282
  3296
  3306
  3298
  3279
  3273
  3274
  3274
  3276
  3276
  3274
  3272
  3265
  3260
  3255
  3250
  3247
  3243
  3238
  3236
  3230
  3225
  3221
  3220
  3213
  3209
  3207
  3204
  3201
  3194
  3192
  3188
  3182
  3181
  3180
  3179
  3169
  3148
  3117
  3094
  3078
  3069
  3063
  3051
  3042
  3030
  3017
  3006
  2998
  3012
  3021
  3029
  3028
  3028
  3027
  3026
  3032
  3035
  3040
  3045
  3053
  3054
  3057
  3056
  3066
  3064
  3070
  3074
  3076
  3077
  3079
  3082
  3083
  3085
  3090
  3091
  3090
  3090
  3092
  3096
  3097
  3096
  3100
  3104
  3100
  3107
  3112
  3116
  3118
  3119
  3121
  3121
  3124
  3124
  3124
  3126
  3128
  3128
  3130
  3133
  3128
  3129
  3129
  3132
  3131
  3131
  3132
  3134
  3134
  3133
  3136
  3140
  3138
  3139
  3136
  3135
  3137
  3137
  3136
  3138
  3139
  3138
  3136
  3138
  3135
  3136
  3139
  3133
  3139
  3142
  3140
  3149
  3148
  3148
  3147
  3146
  3147
  3152
  3146
  3149
  3150
  3144
  3147
  3158
  3184
  3210
  3231
  3240
  3249
  3266
  3276
  3287
  3299
  3317
  3322
  3315
  3293
  3287
  3285
  3296
  3292
  3291
  3287
  3281
  3275
  3266
  3259
  3255
  3250
  3248
  3242
  3235
  3228
  3233
  3223
  3229
  3224
  3219
  3215
  3214
  3206
  3207
  3203
  3196
  3196
  3192
  3190
  3178
  3150
  3122
  3100
  3089
  3071
  3059
  3044
  3034
  3019
  3005
  2999
  2986
  2978
  2981
  2996
  3002
  3011
  3009
  3011
  3013
  3015
  3014
  3021
  3027
  3029
  3037
  3043
  3042
  3044
  3048
  3057
  3060
  3069
  3073
  3077
  3082
  3080
  3081
  3085
  3088
  3091
  3091
  3093
  3098
  3095
  3107
  3104
  3109
  3120
  3109
  3110
  3112
  3113
  3114
  3117
  3119
  3119
  3123
  3121
  3123
  3121
  3126
  3127
  3122
  3126
  3125
  3125
  3126
  3127
  3129
  3127
  3127
  3124
  3127
  3127
  3132
  3139
  3142
  3143
  3149
  3141
  3143
  3145
  3145
  3147
  3147
  3148
  3147
  3154
  3150
  3151
  3152
  3149
  3148
  3148
  3149
  3150
  3153
  3151
  3152
  3150
  3147
  3144
  3147
  3144
  3151
  3173
  3199
  3224
  3233
  3247
  3255
  3280
  3276
  3289
  3307
  3317
  3329
  3319
  3303
  3296
  3301
  3300
  3297
  3306
  3302
  3299
  3289
  3282
  3274
  3268
  3267
  3263
  3259
  3255
  3250
  3239
  3238
  3231
  3224
  3223
  3218
  3212
  3209
  3203
  3200
  3193
  3194
  3194
  3187
  3164
  3138
  3104
  3089
  3075
  3067
  3053
  3039
  3025
  3010
  2996
  2990
  2975
  2972
  2967
  2983
  2998
  3005
  3012
  3010
  3011
  3013
  3015
  3025
  3027
  3033
  3041
  3043
  3045
  3056
  3053
  3056
  3058
  3062
  3067
  3069
  3074
  3084
  3082
  3084
  3079
  3087
  3088
  3091
  3095
  3095
  3097
  3096
  3099
  3101
  3101
  3101
  3106
  3108
  3108
  3110
  3107
  3109
  3112
  3120
  3119
  3120
  3127
  3125
  3128
  3127
  3127
  3135
  3131
  3136
  3133
  3136
  3134
  3137
  3137
  3141
  3139
  3140
  3143
  3143
  3145
  3138
  3144
  3147
  3145
  3143
  3148
  3146
  3145
  3148
  3148
  3148
  3149
  3153
  3149
  3148
  3147
  3147
  3147
  3145
  3150
  3143
  3147
  3149
  3149
  3153
  3163
  3183
  3214
  3233
  3242
  3254
  3269
  3279
  3286
  3304
  3319
  3334
  3353
  3357
  3346
  3330
  3316
  3311
  3313
  3317
  3316
  3315
  3309
  3299
  3290
  3283
  3278
  3271
  3266
  3261
  3257
  3253
  3248
  3248
  3234
  3223
  3222
  3219
  3212
  3207
  3204
  3203
  3205
  3200
  3184
  3156
  3123
  3105
  3094
  3076
  3064
  3050
  3043
  3031
  3013
  2999
  2988
  2979
  2971
  2959
  2956
  2969
  2981
  2990
  2994
  2994
  2994
  2997
  3001
  3006
  3016
  3020
  3022
  3030
  3033
  3038
  3040
  3044
  3044
  3051
  3052
  3057
  3057
  3059
  3062
  3067
  3077
  3081
  3084
  3087
  3091
  3095
  3095
  3095
  3099
  3100
  3101
  3105
  3107
  3113
  3109
  3112
  3113
  3117
  3117
  3118
  3121
  3122
  3122
  3123
  3128
  3129
  3131
  3131
  3132
  3133
  3134
  3132
  3133
  3132
  3131
  3136
  3134
  3136
  3137
  3136
  3135
  3131
  3137
  3138
  3138
  3143
  3144
  3145
  3147
  3152
  3151
  3131
  3151
  3149
  3149
  3148
  3147
  3150
  3147
  3151
  3148
  3153
  3147
  3149
  3154
  3176
  3199
  3217
  3236
  3240
  3253
  3260
  3278
  3292
  3310
  3325
  3341
  3353
  3361
  3354
  3336
  3322
  3312
  3314
  3315
  3316
  3313
  3313
  3306
  3303
  3300
  3294
  3291
  3285
  3281
  3275
  3267
  3262
  3258
  3254
  3244
  3237
  3232
  3228
  3221
  3217
  3214
  3214
  3203
  3182
  3149
  3123
  3106
  3090
  3077
  3064
  3051
  3035
  3024
  3006
  2992
  2983
  2976
  2965
  2955
  2952
  2955
  2965
  2981
  2986
  2985
  2987
  2990
  2994
  3005
  3010
  3014
  3021
  3026
  3031
  3036
  3040
  3044
  3046
  3049
  3056
  3062
  3062
  3067
  3069
  3075
  3075
  3077
  3078
  3083
  3088
  3090
  3094
  3098
  3099
  3101
  3105
  3104
  3108
  3111
  3114
  3111
  3114
  3116
  3120
  3117
  3117
  3119
  3123
  3121
  3124
  3124
  3127
  3133
  3133
  3131
  3134
  3135
  3137
  3138
  3137
  3139
  3141
  3140
  3139
  3141
  3141
  3143
  3143
  3143
  3143
  3145
  3145
  3143
  3144
  3147
  3146
  3146
  3146
  3143
  3147
  3147
  3147
  3152
  3146
  3148
  3147
  3146
  3145
  3143
  3158
  3179
  3206
  3223
  3234
  3244
  3260
  3278
  3290
  3307
  3321
  3341
  3350
  3368
  3374
  3369
  3353
  3337
  3330
  3327
  3327
  3331
  3327
  3319
  3312
  3304
  3297
  3293
  3285
  3279
  3275
  3268
  3261
  3256
  3247
  3248
  3234
  3226
  3223
  3219
  3216
  3212
  3206
  3203
  3184
  3154
  3127
  3103
  3087
  3073
  3065
  3050
  3056
  3029
  3015
  3014
  2990
  2980
  2970
  2961
  2950
  2941
  2940
  2952
  2968
  2979
  2979
  2988
  2982
  2984
  2990
  2999
  3012
  3014
  3020
  3023
  3026
  3029
  3035
  3037
  3042
  3048
  3051
  3051
  3057
  3061
  3064
  3070
  3069
  3072
  3073
  3072
  3077
  3078
  3082
  3091
  3096
  3099
  3101
  3103
  3106
  3109
  3111
  3112
  3114
  3119
  3119
  3117
  3118
  3120
  3122
  3123
  3125
  3124
  3128
  3126
  3127
  3132
  3133
  3134
  3135
  3136
  3134
  3133
  3133
  3136
  3139
  3139
  3140
  3137
  3144
  3140
  3139
  3139
  3140
  3144
  3138
  3136
  3140
  3139
  3141
  3151
  3147
  3152
  3149
  3152
  3154
  3155
  3153
  3154
  3159
  3186
  3206
  3229
  3244
  3256
  3267
  3280
  3291
  3304
  3322
  3336
  3350
  3366
  3381
  3393
  3391
  3379
  3360
  3346
  3347
  3347
  3351
  3349
  3340
  3330
  3320
  3311
  3302
  3295
  3285
  3283
  3274
  3264
  3263
  3261
  3256
  3257
  3244
  3239
  3230
  3228
  3228
  3217
  3208
  3182
  3151
  3118
  3105
  3087
  3076
  3072
  3049
  3036
  3018
  3005
  2988
  2973
  2963
  2951
  2943
  2930
  2924
  2921
  2927
  2945
  2959
  2963
  2968
  2965
  2964
  2969
  2980
  2984
  2990
  2994
  3004
  3014
  3013
  3024
  3032
  3036
  3041
  3051
  3054
  3060
  3060
  3062
  3064
  3071
  3072
  3078
  3084
  3085
  3087
  3089
  3094
  3097
  3098
  3099
  3103
  3111
  3111
  3109
  3111
  3112
  3119
  3120
  3114
  3116
  3120
  3118
  3119
  3124
  3122
  3127
  3125
  3129
  3128
  3131
  3129
  3133
  3136
  3131
  3148
  3146
  3147
  3148
  3149
  3145
  3148
  3150
  3144
  3148
  3147
  3146
  3147
  3150
  3149
  3147
  3151
  3151
  3151
  3150
  3152
  3155
  3156
  3154
  3156
  3153
  3155
  3171
  3192
  3223
  3246
  3255
  3264
  3278
  3290
  3303
  3318
  3332
  3345
  3358
  3374
  3380
  3392
  3397
  3387
  3371
  3358
  3353
  3354
  3353
  3351
  3345
  3345
  3330
  3313
  3310
  3307
  3301
  3296
  3288
  3280
  3274
  3272
  3262
  3254
  3246
  3242
  3237
  3248
  3228
  3224
  3202
  3170
  3141
  3120
  3101
  3086
  3074
  3059
  3044
  3027
  3010
  2996
  2983
  2969
  2955
  2945
  2938
  2929
  2920
  2912
  2918
  2937
  2948
  2956
  2963
  2963
  2968
  2969
  2976
  2983
  2993
  2997
  3006
  3010
  3018
  3022
  3029
  3031
  3038
  3043
  3048
  3051
  3057
  3058
  3069
  3067
  3071
  3080
  3080
  3080
  3087
  3086
  3090
  3091
  3092
  3095
  3095
  3098
  3102
  3099
  3100
  3108
  3116
  3115
  3117
  3119
  3118
  3116
  3124
  3118
  3120
  3124
  3120
  3125
  3128
  3127
  3131
  3129
  3134
  3134
  3135
  3135
  3136
  3140
  3140
  3140
  3139
  3141
  3138
  3143
  3144
  3143
  3143
  3143
  3145
  3141
  3143
  3140
  3139
  3145
  3144
  3142
  3139
  3140
  3136
  3145
  3160
  3181
  3212
  3232
  3245
  3255
  3269
  3281
  3312
  3306
  3326
  3339
  3351
  3368
  3378
  3394
  3407
  3421
  3420
  3402
  3377
  3367
  3366
  3369
  3367
  3365
  3359
  3348
  3339
  3329
  3324
  3315
  3307
  3297
  3295
  3300
  3281
  3270
  3272
  3260
  3257
  3262
  3249
  3245
  3230
  3213
  3178
  3158
  3138
  3122
  3106
  3091
  3077
  3071
  3051
  3035
  3024
  3007
  3000
  2985
  2973
  2965
  2959
  2952
  2934
  2926
  2928
  2943
  2960
  2971
  2973
  2978
  2992
  2980
  2988
  2994
  3004
  3010
  3017
  3021
  3026
  3033
  3036
  3043
  3048
  3050
  3057
  3062
  3069
  3088
  3085
  3087
  3094
  3095
  3105
  3102
  3106
  3108
  3112
  3114
  3118
  3117
  3121
  3125
  3130
  3129
  3136
  3131
  3134
  3135
  3135
  3139
  3140
  3140
  3145
  3144
  3151
  3149
  3150
  3150
  3154
  3151
  3158
  3151
  3155
