0.0000   -1.013822
0.0005   3.896576
0.0010   -16.881066
0.0015   -17.075384
0.0020   2.635413
0.0025   -8.514012
0.0030   -3.542177
0.0035   -4.202074
0.0040   0.679806
0.0045   -8.851466
0.0050   14.453014
0.0055   -9.308515
0.0060   -0.206846
0.0065   -18.755101
0.0070   -4.089718
0.0075   -6.864207
0.0080   -0.618021
0.0085   -0.270893
0.0090   -1.228775
0.0095   12.378060
0.0100   19.452957
0.0105   -19.985352
0.0110   2.031470
0.0115   8.277984
0.0120   -21.005806
0.0125   -13.054931
0.0130   0.988299
0.0135   11.562958
0.0140   -4.978566
0.0145   -9.988612
0.0150   6.283164
0.0155   0.656201
0.0160   -12.297113
0.0165   10.773712
0.0170   -9.390346
0.0175   -5.429473
0.0180   16.934791
0.0185   11.066882
0.0190   -5.222122
0.0195   -1.541754
0.0200   -15.166855
0.0205   13.148297
0.0210   16.013150
0.0215   18.989442
0.0220   9.037491
0.0225   6.971358
0.0230   -4.491441
0.0235   -20.445503
0.0240   -11.636988
0.0245   0.231480
0.0250   0.897824
0.0255   3.964781
0.0260   -2.645261
0.0265   1.855451
0.0270   3.717879
0.0275   22.670929
0.0280   -10.543520
0.0285   -28.308433
0.0290   -13.105252
0.0295   11.134659
0.0300   16.123494
0.0305   -7.548920
0.0310   8.657841
0.0315   8.838279
0.0320   8.590663
0.0325   -10.726887
0.0330   3.008449
0.0335   2.905934
0.0340   5.565558
0.0345   18.883688
0.0350   4.801922
0.0355   1.826499
0.0360   10.951700
0.0365   -1.033255
0.0370   -26.478276
0.0375   -2.279344
0.0380   2.247687
0.0385   5.232615
0.0390   4.787493
0.0395   -7.098180
0.0400   -9.011599
0.0405   8.040197
0.0410   -14.601850
0.0415   -15.350822
0.0420   5.104786
0.0425   2.927888
0.0430   -4.898963
0.0435   -2.435293
0.0440   -0.276723
0.0445   7.898443
0.0450   13.233592
0.0455   -13.321516
0.0460   -15.206101
0.0465   10.855921
0.0470   5.746710
0.0475   13.479487
0.0480   23.604080
0.0485   46.567331
0.0490   24.618042
0.0495   65.041592
0.0500   88.867877
0.0505   84.016961
0.0510   100.426980
0.0515   94.406035
0.0520   59.436587
0.0525   64.720473
0.0530   60.665941
0.0535   43.904885
0.0540   22.949949
0.0545   -3.513133
0.0550   1.214665
0.0555   20.437595
0.0560   12.653549
0.0565   -5.840683
0.0570   -2.759138
0.0575   14.914794
0.0580   15.642470
0.0585   19.740271
0.0590   0.960781
0.0595   -11.672944
0.0600   18.493103
0.0605   -0.664504
0.0610   -5.180958
0.0615   3.490658
0.0620   4.597674
0.0625   7.979107
0.0630   45.051722
0.0635   18.971752
0.0640   38.871058
0.0645   67.660724
0.0650   60.676714
0.0655   91.082195
0.0660   92.494726
0.0665   86.065062
0.0670   108.157434
0.0675   100.299848
0.0680   95.837467
0.0685   80.261765
0.0690   34.516830
0.0695   44.399164
0.0700   10.347196
0.0705   21.786473
0.0710   51.686081
0.0715   26.171021
0.0720   9.372435
0.0725   9.383441
0.0730   20.297408
0.0735   41.580035
0.0740   36.806711
0.0745   75.291981
0.0750   27.952795
0.0755   53.298105
0.0760   44.776702
0.0765   38.254422
0.0770   45.645795
0.0775   51.514266
0.0780   55.689506
0.0785   64.786288
0.0790   55.859782
0.0795   31.193549
0.0800   39.079956
0.0805   25.213730
0.0810   14.521456
0.0815   16.084237
0.0820   2.347874
0.0825   8.407111
0.0830   1.156202
0.0835   10.427330
0.0840   -10.593883
0.0845   11.500533
0.0850   -3.271608
0.0855   13.232506
0.0860   7.275673
0.0865   13.436711
0.0870   3.111690
0.0875   16.067514
0.0880   -17.335833
0.0885   -9.100265
0.0890   4.990385
0.0895   -5.981250
0.0900   -4.974775
0.0905   -2.757983
0.0910   -9.218345
0.0915   -13.983509
0.0920   -5.617134
0.0925   2.504581
0.0930   1.212622
0.0935   9.298446
0.0940   -15.356299
0.0945   -17.395956
0.0950   -18.006322
0.0955   14.626739
0.0960   -15.318218
0.0965   -5.949028
0.0970   3.752624
0.0975   -2.919605
0.0980   19.789815
0.0985   -8.715953
0.0990   4.923399
0.0995   -4.994889
0.1000   18.030797
0.1005   -10.657750
0.1010   2.849052
0.1015   7.855932
0.1020   16.020811
0.1025   0.555031
0.1030   -12.496668
0.1035   -6.337920
0.1040   -0.704642
0.1045   7.047690
0.1050   5.343812
0.1055   2.758877
0.1060   -3.542424
0.1065   4.916520
0.1070   11.838294
0.1075   7.566354
0.1080   21.894932
0.1085   11.668456
0.1090   24.934521
0.1095   4.301599
0.1100   28.185896
0.1105   31.587556
0.1110   30.362324
0.1115   31.938869
0.1120   14.936396
0.1125   43.311996
0.1130   45.781292
0.1135   65.312150
0.1140   57.515723
0.1145   84.059862
0.1150   61.675299
0.1155   83.687879
0.1160   82.086901
0.1165   83.349191
0.1170   84.202343
0.1175   96.716631
0.1180   88.298641
0.1185   92.245202
0.1190   65.159526
0.1195   88.459609
0.1200   107.209020
0.1205   79.593047
0.1210   101.759701
0.1215   85.860569
0.1220   70.467832
0.1225   76.873717
0.1230   91.143916
0.1235   91.941109
0.1240   109.088886
0.1245   90.628750
0.1250   108.106074
0.1255   108.106649
0.1260   109.047871
0.1265   126.669485
0.1270   101.463091
0.1275   96.836692
0.1280   106.844023
0.1285   94.397787
0.1290   107.020269
0.1295   111.750520
0.1300   77.570885
0.1305   103.393702
0.1310   104.322167
0.1315   78.140234
0.1320   89.255879
0.1325   49.595866
0.1330   25.302601
0.1335   44.387440
0.1340   36.454456
0.1345   6.168202
0.1350   46.506200
0.1355   21.253375
0.1360   13.528912
0.1365   6.593188
0.1370   5.088872
0.1375   12.982763
0.1380   12.820634
0.1385   33.411442
0.1390   3.934981
0.1395   5.455884
0.1400   -9.589890
0.1405   27.740951
0.1410   -13.050733
0.1415   -0.901751
0.1420   -1.316742
0.1425   -8.696559
0.1430   5.870826
0.1435   2.039504
0.1440   19.895532
0.1445   -8.607866
0.1450   -10.860590
0.1455   22.286609
0.1460   9.140073
0.1465   5.073026
0.1470   -13.776190
0.1475   -2.584690
0.1480   -1.851758
0.1485   3.376000
0.1490   3.588359
0.1495   -4.832771
0.1500   -1.887580
0.1505   12.321829
0.1510   -11.982224
0.1515   -5.736263
0.1520   11.784620
0.1525   -0.964733
0.1530   -2.965817
0.1535   -26.803343
0.1540   -13.476766
0.1545   -10.703742
0.1550   -9.677276
0.1555   7.079585
0.1560   2.851808
0.1565   -9.487113
0.1570   6.565567
0.1575   7.198831
0.1580   -20.502163
0.1585   -28.996727
0.1590   -12.068909
0.1595   -4.499597
0.1600   7.002003
0.1605   23.231590
0.1610   -2.925946
0.1615   -0.886035
0.1620   7.286265
0.1625   15.352086
0.1630   7.653074
0.1635   -12.204015
0.1640   16.399807
0.1645   12.849748
0.1650   11.213395
0.1655   -4.501730
0.1660   9.983163
0.1665   -10.376338
0.1670   -4.796808
0.1675   -5.984365
0.1680   -13.502496
0.1685   -5.835756
0.1690   -12.090634
0.1695   -4.928223
0.1700   24.677072
0.1705   -0.758037
0.1710   -7.964304
0.1715   12.175461
0.1720   0.806915
0.1725   -10.627480
0.1730   -0.194156
0.1735   10.896860
0.1740   -0.495981
0.1745   16.090254
0.1750   20.978791
0.1755   -8.126248
0.1760   -5.299611
0.1765   -11.304195
0.1770   1.852996
0.1775   -0.973089
0.1780   24.717983
0.1785   5.573583
0.1790   26.892439
0.1795   23.551437
0.1800   28.080998
0.1805   4.570709
0.1810   11.133933
0.1815   9.544184
0.1820   23.631686
0.1825   13.526685
0.1830   12.084927
0.1835   16.865664
0.1840   9.150436
0.1845   27.975822
0.1850   27.426714
0.1855   35.588811
0.1860   23.715942
0.1865   18.237791
0.1870   57.276903
0.1875   46.778828
0.1880   39.172943
0.1885   55.113099
0.1890   57.994625
0.1895   49.892168
0.1900   47.246241
0.1905   50.114927
0.1910   56.102418
0.1915   55.650098
0.1920   76.705486
0.1925   78.134294
0.1930   80.369905
0.1935   74.576875
0.1940   59.067479
0.1945   71.623937
0.1950   66.574081
0.1955   74.493755
0.1960   64.655612
0.1965   87.965584
0.1970   83.004403
0.1975   80.862950
0.1980   61.788891
0.1985   64.683772
0.1990   78.877139
0.1995   78.163849
0.2000   100.405921
0.2005   85.340611
0.2010   106.048849
0.2015   87.871781
0.2020   74.844118
0.2025   95.917080
0.2030   83.549228
0.2035   83.501177
0.2040   94.470583
0.2045   78.096971
0.2050   92.419999
0.2055   74.432970
0.2060   85.760964
0.2065   85.222769
0.2070   68.119684
0.2075   93.417410
0.2080   82.197502
0.2085   72.847386
0.2090   80.555485
0.2095   87.341576
0.2100   107.965058
0.2105   68.601934
0.2110   91.181434
0.2115   74.679602
0.2120   59.734339
0.2125   76.834904
0.2130   94.006436
0.2135   81.042997
0.2140   79.170977
0.2145   67.796616
0.2150   86.052706
0.2155   55.076619
0.2160   69.006701
0.2165   69.347073
0.2170   84.063267
0.2175   55.180072
0.2180   58.126718
0.2185   58.960437
0.2190   47.259736
0.2195   55.845426
0.2200   54.047049
0.2205   38.092434
0.2210   62.471179
0.2215   67.847114
0.2220   80.862572
0.2225   67.575375
0.2230   55.716156
0.2235   61.405587
0.2240   63.232555
0.2245   56.371085
0.2250   59.510929
0.2255   48.298404
0.2260   78.630655
0.2265   45.396609
0.2270   39.148661
0.2275   48.060339
0.2280   51.703516
0.2285   41.698317
0.2290   40.749380
0.2295   37.779409
0.2300   -0.750108
0.2305   15.755530
0.2310   9.855755
0.2315   28.877530
0.2320   31.654261
0.2325   24.347447
0.2330   5.751589
0.2335   -0.310991
0.2340   22.425289
0.2345   3.943491
0.2350   14.107379
0.2355   -0.189013
0.2360   -1.417736
0.2365   -13.350612
0.2370   4.381714
0.2375   0.799242
0.2380   -2.456516
0.2385   10.781320
0.2390   -11.442608
0.2395   3.669759
0.2400   9.440489
0.2405   -0.352556
0.2410   -9.685180
0.2415   -3.932329
0.2420   -4.091233
0.2425   -7.060160
0.2430   -4.929578
0.2435   18.733685
0.2440   2.529320
0.2445   -5.864835
0.2450   6.844231
0.2455   16.711536
0.2460   0.463971
0.2465   11.188275
0.2470   5.154508
0.2475   -16.798662
0.2480   8.658809
0.2485   3.425076
0.2490   -5.842317
0.2495   8.232732
0.2500   -5.560599
0.2505   14.179463
0.2510   20.178578
0.2515   2.445550
0.2520   9.611878
0.2525   10.743086
0.2530   -2.681602
0.2535   8.184047
0.2540   2.548143
0.2545   -8.715409
0.2550   2.174431
0.2555   -2.978226
0.2560   2.099477
0.2565   -4.743878
0.2570   11.788435
0.2575   -14.701070
0.2580   5.849762
0.2585   -1.860481
0.2590   -0.126801
0.2595   8.688773
0.2600   10.933922
0.2605   -9.490723
0.2610   2.771991
0.2615   15.619753
0.2620   -17.157719
0.2625   18.585905
0.2630   9.878726
0.2635   -10.826001
0.2640   -6.514983
0.2645   13.647513
0.2650   8.320140
0.2655   -7.735692
0.2660   9.169376
0.2665   5.726120
0.2670   -22.403202
0.2675   5.490577
0.2680   -14.673730
0.2685   6.853735
0.2690   -6.984044
0.2695   4.527211
0.2700   9.014728
0.2705   5.264347
0.2710   -3.604110
0.2715   24.220792
0.2720   10.584959
0.2725   -11.926304
0.2730   -11.493125
0.2735   0.493187
0.2740   10.025743
0.2745   12.923656
0.2750   7.550433
0.2755   8.455525
0.2760   5.313110
0.2765   7.620441
0.2770   -6.172876
0.2775   -0.556337
0.2780   -9.811775
0.2785   -8.515928
0.2790   7.422459
0.2795   -13.681570
0.2800   2.524114
0.2805   19.475181
0.2810   3.957235
0.2815   -2.581688
0.2820   -11.174879
0.2825   -3.017645
0.2830   20.817381
0.2835   6.333485
0.2840   -1.525571
0.2845   4.874302
0.2850   22.735951
0.2855   10.197003
0.2860   -16.008740
0.2865   -11.992643
0.2870   -8.696858
0.2875   0.819402
0.2880   -6.777644
0.2885   2.634872
0.2890   12.565284
0.2895   -12.172659
0.2900   11.834052
0.2905   4.434535
0.2910   -11.723313
0.2915   7.033656
0.2920   0.284909
0.2925   21.397844
0.2930   -17.736232
0.2935   6.937061
0.2940   8.057241
0.2945   7.103397
0.2950   -8.961684
0.2955   11.867418
0.2960   -8.267987
0.2965   -9.006117
0.2970   -13.237806
0.2975   3.642357
0.2980   -3.385589
0.2985   18.562470
0.2990   22.440547
0.2995   -5.428251
0.3000   -10.653679
0.3005   9.123171
0.3010   -1.692930
0.3015   -19.390844
0.3020   20.181895
0.3025   -4.575177
0.3030   -1.673973
0.3035   -9.464925
0.3040   -5.538347
0.3045   2.399451
0.3050   3.119291
0.3055   -11.517439
0.3060   6.253473
0.3065   -23.594135
0.3070   -12.487627
0.3075   -3.912175
0.3080   4.411218
0.3085   8.617374
0.3090   -3.063876
0.3095   -1.067521
0.3100   -1.962003
0.3105   -7.519754
0.3110   8.046707
0.3115   0.849393
0.3120   7.675504
0.3125   -7.980591
0.3130   -3.381180
0.3135   4.441767
0.3140   10.592074
0.3145   0.089196
0.3150   -14.186446
0.3155   6.672122
0.3160   1.774954
0.3165   -1.665995
0.3170   -19.328180
0.3175   3.935246
0.3180   10.672331
0.3185   10.227255
0.3190   6.636175
0.3195   2.047932
0.3200   -6.465188
0.3205   18.406075
0.3210   -7.057325
0.3215   -5.262574
0.3220   18.548171
0.3225   6.133185
0.3230   3.407193
0.3235   4.102180
0.3240   5.380323
0.3245   6.421414
0.3250   20.837035
0.3255   9.056847
0.3260   32.356026
0.3265   17.595797
0.3270   41.023691
0.3275   55.357802
0.3280   51.798055
0.3285   66.939178
0.3290   56.249348
0.3295   66.892580
0.3300   82.260711
0.3305   82.889025
0.3310   87.734515
0.3315   76.408806
0.3320   61.772800
0.3325   84.697449
0.3330   68.082926
0.3335   85.705635
0.3340   70.780428
0.3345   90.144029
0.3350   77.305164
0.3355   62.964073
0.3360   59.716200
0.3365   86.617749
0.3370   57.960583
0.3375   44.019844
0.3380   25.503290
0.3385   46.555626
0.3390   26.043596
0.3395   26.889735
0.3400   3.885710
0.3405   2.832961
0.3410   10.047785
0.3415   25.679619
0.3420   8.318095
0.3425   13.019269
0.3430   -10.868594
0.3435   -0.408378
0.3440   23.619120
0.3445   10.047230
0.3450   6.422548
0.3455   3.685307
0.3460   -3.494786
0.3465   20.557672
0.3470   -1.763282
0.3475   -14.632164
0.3480   -0.170056
0.3485   7.762560
0.3490   -11.149636
0.3495   17.402614
0.3500   -8.733017
0.3505   -1.183412
0.3510   -14.465705
0.3515   12.052163
0.3520   2.621117
0.3525   -1.236854
0.3530   -4.504514
0.3535   0.429111
0.3540   -0.265292
0.3545   6.205811
0.3550   -6.984084
0.3555   15.013245
0.3560   1.706958
0.3565   -0.082390
0.3570   17.346082
0.3575   -8.352854
0.3580   11.304955
0.3585   3.513935
0.3590   -9.786160
0.3595   4.820955
0.3600   22.089070
0.3605   2.881116
0.3610   1.939252
0.3615   -16.340168
0.3620   19.675079
0.3625   3.872054
0.3630   -7.409075
0.3635   -14.918909
0.3640   2.149564
0.3645   13.151816
0.3650   -6.058372
0.3655   -14.793166
0.3660   -7.513449
0.3665   18.723802
0.3670   -22.920899
0.3675   5.863060
0.3680   -5.378542
0.3685   -3.852403
0.3690   9.341953
0.3695   -3.302377
0.3700   -4.987570
0.3705   1.808672
0.3710   12.645058
0.3715   -9.671214
0.3720   -6.773460
0.3725   1.778877
0.3730   -25.839265
0.3735   12.639263
0.3740   -6.418414
0.3745   18.083047
0.3750   2.863546
0.3755   0.274109
0.3760   4.334585
0.3765   -8.704273
0.3770   -19.480481
0.3775   -5.065273
0.3780   3.586240
0.3785   0.424017
0.3790   -4.854543
0.3795   -9.127725
0.3800   -19.226088
0.3805   -6.188310
0.3810   -4.658739
0.3815   -0.681982
0.3820   14.930091
0.3825   -1.587807
0.3830   -8.765677
0.3835   8.941292
0.3840   13.537347
0.3845   7.125648
0.3850   -1.044842
0.3855   29.878460
0.3860   24.652688
0.3865   33.249968
0.3870   38.758121
0.3875   41.460530
0.3880   58.658641
0.3885   76.050010
0.3890   58.077434
0.3895   100.779911
0.3900   82.611794
0.3905   71.471683
0.3910   43.915810
0.3915   29.145097
0.3920   9.350776
0.3925   41.391344
0.3930   19.443408
0.3935   53.722836
0.3940   32.039356
0.3945   35.018693
0.3950   69.742157
0.3955   78.058557
0.3960   89.275883
0.3965   91.354517
0.3970   93.456848
0.3975   80.644952
0.3980   102.966800
0.3985   87.219446
0.3990   112.450276
0.3995   101.846812
0.4000   107.864334
0.4005   102.528415
0.4010   96.273145
0.4015   88.584784
0.4020   71.978518
0.4025   61.422692
0.4030   29.605767
0.4035   49.270406
0.4040   38.202847
0.4045   22.764886
0.4050   21.744097
0.4055   15.374542
0.4060   17.159212
0.4065   36.911278
0.4070   11.575833
0.4075   10.542333
0.4080   6.933483
0.4085   30.453716
0.4090   14.670278
0.4095   18.277699
0.4100   -5.686759
0.4105   12.081369
0.4110   47.684737
0.4115   28.204276
0.4120   42.232648
0.4125   72.731698
0.4130   88.696731
0.4135   84.767404
0.4140   80.777386
0.4145   74.531321
0.4150   100.085184
0.4155   53.024659
0.4160   54.445776
0.4165   75.511980
0.4170   48.460866
0.4175   18.982976
0.4180   25.292325
0.4185   28.588431
0.4190   -4.842584
0.4195   -7.461970
0.4200   5.356751
0.4205   12.392124
0.4210   1.126841
0.4215   1.501600
0.4220   8.288319
0.4225   -10.458231
0.4230   -4.828000
0.4235   -16.528563
0.4240   -17.603880
0.4245   0.104616
0.4250   -9.132611
0.4255   -9.911705
0.4260   -23.952982
0.4265   -12.426029
0.4270   -14.256667
0.4275   0.115196
0.4280   9.253225
0.4285   -4.367877
0.4290   11.742802
0.4295   6.859900
0.4300   -5.294330
0.4305   6.627175
0.4310   18.316835
0.4315   15.726517
0.4320   5.441049
0.4325   -19.884848
0.4330   -11.002977
0.4335   -1.247126
0.4340   -18.417769
0.4345   -0.120580
0.4350   -11.093412
0.4355   5.092210
0.4360   4.205906
0.4365   -3.057666
0.4370   -1.331955
0.4375   5.373823
0.4380   -8.300879
0.4385   5.869263
0.4390   -10.560578
0.4395   -6.035501
0.4400   -2.728994
0.4405   -1.820204
0.4410   -15.829094
0.4415   -23.353819
0.4420   -5.055908
0.4425   20.061517
0.4430   9.860451
0.4435   -0.930042
0.4440   2.713865
0.4445   -12.665489
0.4450   -10.382540
0.4455   -5.050124
0.4460   7.489810
0.4465   1.762308
0.4470   31.540447
0.4475   13.740003
0.4480   2.867093
0.4485   0.450810
0.4490   -15.034872
0.4495   -28.551156
0.4500   -26.162551
0.4505   11.781250
0.4510   -8.340350
0.4515   -20.392208
0.4520   -12.007354
0.4525   -3.640432
0.4530   9.237431
0.4535   16.364096
0.4540   7.654557
0.4545   8.390140
0.4550   -4.604627
0.4555   1.801291
0.4560   11.275261
0.4565   9.738869
0.4570   1.305077
0.4575   -3.040160
0.4580   -13.990417
0.4585   15.585700
0.4590   -6.299932
0.4595   -8.559499
0.4600   5.654334
0.4605   -10.944060
0.4610   -4.938745
0.4615   -7.406780
0.4620   -4.936466
0.4625   -0.589577
0.4630   11.767007
0.4635   9.774573
0.4640   0.533405
0.4645   16.985488
0.4650   7.095140
0.4655   -0.402448
0.4660   -0.888311
0.4665   3.562265
0.4670   3.533611
0.4675   12.802518
0.4680   13.678420
0.4685   -6.784307
0.4690   4.620816
0.4695   0.452248
0.4700   12.703085
0.4705   -3.452635
0.4710   22.273337
0.4715   3.333527
0.4720   -0.222034
0.4725   9.486458
0.4730   -6.346085
0.4735   -18.323027
0.4740   3.643025
0.4745   8.960556
0.4750   7.240817
0.4755   -3.979082
0.4760   -0.001516
0.4765   -10.924879
0.4770   7.906263
0.4775   19.965568
0.4780   -0.497952
0.4785   -7.883314
0.4790   13.550364
0.4795   -12.746481
0.4800   -4.037762
0.4805   1.804200
0.4810   -12.755064
0.4815   13.747518
0.4820   4.259805
0.4825   -14.262419
0.4830   -4.792710
0.4835   -7.738670
0.4840   -0.457213
0.4845   -7.060632
0.4850   -9.851015
0.4855   -16.214799
0.4860   -2.014182
0.4865   2.409901
0.4870   -13.970846
0.4875   -2.163803
0.4880   -5.930245
0.4885   19.168804
0.4890   3.449407
0.4895   21.358821
0.4900   -4.657984
0.4905   15.239107
0.4910   10.915128
0.4915   3.619980
0.4920   -18.750214
0.4925   -13.145154
0.4930   1.867251
0.4935   15.937763
0.4940   10.003846
0.4945   7.267789
0.4950   6.917321
0.4955   -0.128856
0.4960   -13.517201
0.4965   6.157867
0.4970   -13.745485
0.4975   -9.122154
0.4980   -1.887837
0.4985   -21.377869
0.4990   -7.631832
0.4995   -0.966028
0.5000   -11.119501
0.5005   -12.283916
0.5010   5.540348
0.5015   13.838473
0.5020   4.566336
0.5025   4.430525
0.5030   -12.873380
0.5035   -7.448786
0.5040   1.089853
0.5045   -10.430034
0.5050   8.880319
0.5055   -11.559179
0.5060   -2.432263
0.5065   7.598432
0.5070   -3.215976
0.5075   -9.395638
0.5080   -3.547871
0.5085   -3.943834
0.5090   11.241549
0.5095   1.398785
0.5100   -10.270662
0.5105   -9.057933
0.5110   -3.608047
0.5115   -7.679650
