0.0196
0.0544
0.0949
0.1340
0.1644
0.1895
0.2112
0.2233
0.2204
0.1994
0.2137
0.3036
0.1915
0.1930
0.2365
0.2149
0.1361
0.2139
0.1413
0.1022
0.1300
0.0659
0.0349
0.0258
-0.0212
-0.0494
-0.0655
-0.1287
-0.1598
-0.1802
-0.2399
-0.2728
-0.3058
-0.3555
-0.3764
-0.4060
-0.4324
-0.4486
-0.4555
-0.4395
-0.4138
-0.3784
-0.3127
-0.2414
-0.1754
-0.1119
-0.0534
0.0420
0.1079
0.1379
0.1854
0.2262
0.2341
0.2333
0.2392
0.2354
0.2105
0.1837
0.1663
0.1423
0.1361
0.1526
0.1486
0.1306
0.1498
0.1686
0.1559
0.1629
0.1910
0.2020
0.1811
0.1665
0.1637
0.1258
0.0898
0.0775
0.0405
-0.0198
-0.0577
-0.1096
-0.1516
-0.1829
-0.2352
-0.2882
-0.3231
-0.3660
-0.4038
-0.4280
-0.4571
-0.4866
-0.5018
-0.4895
-0.4496
-0.3733
-0.2667
-0.1896
-0.1521
-0.0533
0.0912
0.1592
0.1937
0.2638
0.3155
0.2967
0.2708
0.2668
0.2478
0.2089
0.1787
0.1524
0.0980
0.0396
0.0104
0.0096
0.0123
0.0134
0.0120
0.0211
0.0604
0.1011
0.1436
0.1887
0.1952
0.2071
0.2644
0.2815
0.2417
0.2409
0.2544
0.2193
0.1745
0.1387
0.0877
0.0297
-0.0104
-0.0445
-0.0984
-0.1741
-0.2283
-0.2618
-0.3160
-0.3714
-0.4118
-0.4440
-0.4694
-0.4932
-0.5103
-0.4858
-0.4021
-0.2952
-0.1860
-0.1510
-0.1448
-0.0022
0.1507
0.1724
0.1896
0.2986
0.3088
0.2491
0.2434
0.2354
0.1952
0.1499
0.1399
0.1008
0.0345
-0.0255
-0.0207
0.0113
0.0114
0.0304
0.0580
0.1121
0.1887
0.2054
0.2125
0.2960
0.3330
0.2830
0.3239
0.3595
0.2901
0.2755
0.2778
0.1906
0.1217
0.1215
0.0688
-0.0026
-0.0339
-0.0755
-0.1415
-0.1987
-0.2389
-0.3032
-0.3593
-0.3892
-0.4486
-0.5060
-0.5193
-0.5410
-0.5464
-0.4095
-0.2902
-0.2031
-0.1050
-0.1150
-0.0121
0.2005
0.2357
0.1813
0.3338
0.3651
0.3390
0.3286
0.2482
0.2284
0.1842
0.0977
0.0889
0.0325
-0.1019
-0.0826
-0.0509
-0.0931
-0.0488
0.0219
0.1092
0.1919
0.2788
0.3530
0.3603
0.3991
0.4972
0.4781
0.4529
0.4995
0.4157
0.3422
0.3144
0.2016
0.1057
0.0653
-0.0305
-0.1167
-0.1655
-0.2474
-0.3150
-0.3602
-0.4053
-0.4834
-0.5506
-0.5642
-0.6057
-0.6499
-0.6194
-0.5634
-0.4285
-0.2615
-0.1383
0.0507
0.1011
0.1176
0.3645
0.5058
0.3542
0.4385
0.5257
0.3410
0.2885
0.2361
0.1241
0.0490
-0.0149
-0.1078
-0.1218
-0.2086
-0.2604
-0.1623
-0.1143
-0.0871
0.0319
0.1975
0.2808
0.3849
0.4887
0.5184
0.5032
0.5619
0.5529
0.5063
0.4852
0.3997
0.3315
0.2608
0.1246
0.0202
-0.0073
-0.1140
-0.2062
-0.2181
-0.2777
-0.3609
-0.3830
-0.4037
-0.4984
-0.5677
-0.5825
-0.6193
-0.6530
-0.6361
-0.5676
-0.3833
-0.2447
-0.1778
0.0866
0.1568
0.0866
0.3359
0.5522
0.3199
0.3515
0.4927
0.2848
0.1940
0.1607
0.0469
-0.0289
-0.0660
-0.1897
-0.1513
-0.1830
-0.2742
-0.1279
-0.0064
0.0066
0.1828
0.3369
0.3950
0.5285
0.5775
0.5380
0.6318
0.5956
0.4686
0.5392
0.4491
0.2574
0.2497
0.1864
-0.0372
-0.0597
-0.1038
-0.2622
-0.2780
-0.2938
-0.3910
-0.4078
-0.4430
-0.5546
-0.5924
-0.6292
-0.6880
-0.6906
-0.6828
-0.6055
-0.3288
-0.2089
-0.1777
0.1603
0.2551
0.0935
0.3501
0.6102
0.3057
0.3110
0.4957
0.2415
0.0792
0.0938
-0.0395
-0.1391
-0.1261
-0.2741
-0.2415
-0.1979
-0.3000
-0.1828
0.0477
0.0589
0.1708
0.4593
0.5124
0.5174
0.6666
0.6512
0.5523
0.5896
0.5339
0.4080
0.3794
0.2598
0.1060
0.0717
-0.0619
-0.2182
-0.2352
-0.2888
-0.3845
-0.3902
-0.4056
-0.4671
-0.5381
-0.6301
-0.6691
-0.6713
-0.7210
-0.7369
-0.5975
-0.2731
-0.1646
-0.1883
0.2054
0.4042
0.1094
0.2824
0.7475
0.3908
0.1669
0.4705
0.3163
-0.0541
-0.0315
-0.0517
-0.2368
-0.2363
-0.3088
-0.3023
-0.2185
-0.2792
-0.2434
0.0573
0.1645
0.1354
0.4442
0.7133
0.5779
0.5902
0.7904
0.6230
0.4065
0.5408
0.4743
0.1988
0.1709
0.1428
-0.0586
-0.1708
-0.2208
-0.3518
-0.3765
-0.3772
-0.4719
-0.4791
-0.4590
-0.6195
-0.7161
-0.6562
-0.6771
-0.7273
-0.6584
-0.2993
-0.0774
-0.2390
0.0388
0.5208
0.2847
0.0268
0.5923
0.6411
0.0880
0.1933
0.4585
0.0298
-0.2993
-0.0938
-0.1332
-0.3327
-0.3641
-0.2407
-0.2111
-0.2432
-0.1951
-0.0067
0.2398
0.3090
0.3374
0.5981
0.7519
0.5921
0.5656
0.7184
0.5317
0.2684
0.4179
0.3945
0.0488
-0.0018
0.0870
-0.1215
-0.2986
-0.2984
-0.3292
-0.3722
-0.4117
-0.4506
-0.4200
-0.4954
-0.7332
-0.7674
-0.6624
-0.7730
-0.8296
-0.3153
0.1276
-0.1717
-0.1067
0.5182
0.4246
-0.0909
0.3359
0.6416
0.1282
-0.0809
0.3731
0.1670
-0.4144
-0.3159
-0.0771
-0.2789
-0.4603
-0.2553
-0.1066
-0.1912
-0.1642
0.0843
0.3551
0.4282
0.4474
0.6313
0.7408
0.6246
0.5353
0.6558
0.5639
0.2870
0.2236
0.2626
0.0994
-0.1131
-0.1231
-0.1161
-0.2845
-0.4350
-0.3623
-0.3098
-0.4399
-0.4943
-0.4210
-0.5323
-0.7406
-0.7701
-0.7528
-0.7628
-0.5308
0.0093
0.0698
-0.1121
0.2889
0.6628
0.1653
0.0410
0.6050
0.4908
-0.0871
-0.0019
0.2617
-0.1266
-0.4649
-0.2631
-0.1063
-0.3132
-0.3456
-0.1254
-0.0543
-0.0907
0.0812
0.3211
0.4516
0.5229
0.6366
0.6886
0.6405
0.6141
0.5561
0.4159
0.3109
0.2589
0.1316
0.0111
-0.0389
-0.1061
-0.2162
-0.2779
-0.3051
-0.3444
-0.3806
-0.3756
-0.3763
-0.4049
-0.4953
-0.6199
-0.6860
-0.6938
-0.6959
-0.6088
-0.0775
0.1537
-0.2296
-0.0938
0.5881
0.3431
-0.2567
0.1585
0.6198
0.1405
-0.2249
0.0805
0.1427
-0.2268
-0.3671
-0.1655
-0.0856
-0.1537
-0.2009
-0.1521
0.0122
0.2361
0.2544
0.3485
0.6459
0.7090
0.5268
0.6196
0.7330
0.5301
0.3943
0.4349
0.2897
0.1195
0.0806
-0.0519
-0.2161
-0.2158
-0.2364
-0.3486
-0.3731
-0.2966
-0.2524
-0.2845
-0.3692
-0.4227
-0.4568
-0.5715
-0.7409
-0.8566
-0.8485
-0.2690
0.2950
-0.0992
-0.4945
0.2273
0.5747
-0.1025
-0.2976
0.2795
0.3938
0.0628
-0.0538
-0.0336
-0.0212
-0.0225
-0.1569
-0.2942
-0.1137
0.0866
-0.0479
-0.1549
0.1434
0.4165
0.4231
0.4388
0.5543
0.5985
0.6158
0.6343
0.5174
0.4106
0.4664
0.4032
0.1730
0.0935
0.0695
-0.1058
-0.2634
-0.2708
-0.2362
-0.2675
-0.3293
-0.3332
-0.3134
-0.3409
-0.3945
-0.5011
-0.5978
-0.5776
-0.6311
-0.7574
-0.7166
-0.1812
0.2460
0.0094
-0.2989
0.0962
0.3466
0.0918
-0.1243
-0.0497
0.1210
0.2635
0.1815
-0.1002
-0.1638
0.0141
0.0652
-0.1041
-0.1879
-0.0361
0.1189
0.2079
0.3013
0.4053
0.5311
0.6200
0.5694
0.4863
0.5076
0.4820
0.4168
0.3769
0.3420
0.2772
0.1933
0.0288
-0.1733
-0.2830
-0.2585
-0.2064
-0.2084
-0.2556
-0.2707
-0.2667
-0.2971
-0.3967
-0.5095
-0.5239
-0.4748
-0.4880
-0.6098
-0.6621
-0.6334
-0.3864
-0.0914
-0.0427
-0.2164
-0.0865
0.1078
0.0517
-0.0448
-0.0157
-0.0342
0.0208
0.1691
0.0952
-0.0667
-0.0831
0.0007
-0.0225
-0.0159
0.0476
0.1887
0.3261
0.4388
0.4750
0.4721
0.4090
0.3531
0.3667
0.3838
0.4093
0.4411
0.4161
0.3008
0.2219
0.0783
-0.1297
-0.2410
-0.1671
-0.1155
-0.1356
-0.1797
-0.2383
-0.3086
-0.3330
-0.3583
-0.4154
-0.4211
-0.3863
-0.3712
-0.4036
-0.5072
-0.6795
-0.7416
-0.6470
-0.4239
-0.2198
-0.1329
-0.1300
-0.0198
0.0683
0.0292
-0.0257
-0.0709
-0.1151
-0.0026
0.1704
0.1072
-0.0119
0.0246
0.1513
0.2357
0.3233
0.2748
0.2029
0.1977
0.2642
0.3022
0.3105
0.2597
0.2878
0.4010
0.4432
0.3907
0.2694
0.1092
0.0218
0.0195
-0.0322
-0.0378
-0.0177
-0.0768
-0.1695
-0.2055
-0.2721
-0.3306
-0.3387
-0.3235
-0.2663
-0.2009
-0.2128
-0.2680
-0.3136
-0.4305
-0.4899
-0.4722
-0.5338
-0.5831
-0.4390
-0.2789
-0.1776
-0.0524
0.0059
0.0464
0.0809
0.0233
-0.0585
-0.0386
-0.0227
0.0623
0.2058
0.3167
0.3357
0.3853
0.3864
0.3209
0.2085
0.1610
0.1941
0.2683
0.3432
0.3488
0.3115
0.2999
0.3024
0.2487
0.1991
0.1512
0.1565
0.1952
0.1857
0.1075
0.0231
-0.1219
-0.2467
-0.2576
-0.2619
-0.2993
-0.2399
-0.1515
-0.1298
-0.1691
-0.3170
-0.4524
-0.4245
-0.3069
-0.2559
-0.3335
-0.5307
-0.5969
-0.5080
-0.3170
-0.0331
0.0844
-0.0944
-0.1431
0.0318
0.1038
0.1219
0.0445
-0.1375
-0.1101
0.2529
0.5090
0.5363
0.4100
0.2359
0.1969
0.3039
0.3224
0.2652
0.2445
0.2209
0.2711
0.3380
0.3074
0.2580
0.2592
0.2135
0.2308
0.2549
0.1639
0.0881
0.1037
0.0500
-0.0650
-0.1800
-0.2562
-0.2180
-0.1454
-0.1646
-0.2265
-0.2792
-0.3356
-0.3694
-0.3551
-0.3172
-0.2869
-0.2834
-0.3843
-0.5175
-0.5344
-0.4577
-0.4418
-0.3241
-0.0755
0.0961
0.1577
0.0251
-0.2882
